"PROM.IE"	"Matemáticas_9"
499	500
459	500
455	500
450	500
442	500
437	500
436	500
409	500
312	500
443	500
478	500
500	500
496	500
489	500
500	500
462	500
419	500
500	500
493	500
500	500
489	500
382	500
479	500
452	500
451	500
492	500
277	500
482	500
489	500
441	500
486	500
489	500
467	500
433	500
278	500
450	500
469	500
488	500
478	500
449	500
500	500
478	500
430	500
492	500
485	500
414	500
475	500
500	500
327	500
338	500
397	500
500	500
477	500
472	500
482	500
489	500
438	500
434	500
456	500
440	500
367	500
482	500
448	500
433	500
378	500
423	500
433	500
253	500
NA	500
286	500
436	500
391	500
387	500
459	500
400	500
460	500
328	500
252	500
351	500
318	500
368	500
258	500
199	500
238	500
204	500
497	500
472	500
426	500
411	500
403	500
251	500
239	500
500	497
483	497
496	496
500	496
468	495
446	495
NA	495
461	494
459	494
426	494
500	492
384	492
440	492
395	492
413	491
440	491
395	491
397	490
488	490
466	490
440	490
362	490
NA	489
480	486
448	486
486	485
489	484
403	484
425	484
500	483
NA	483
480	482
487	482
404	482
437	482
377	481
363	481
496	481
419	481
479	481
458	481
260	481
500	480
372	480
483	480
344	480
252	480
434	479
448	479
480	478
467	477
NA	476
457	476
500	476
478	475
453	475
446	475
468	475
404	475
305	475
487	475
NA	474
496	474
500	473
500	472
386	472
276	472
203	472
500	471
434	471
449	470
478	470
424	469
500	469
500	469
427	469
420	469
284	469
500	468
396	468
455	468
477	468
409	468
455	467
405	467
461	467
499	467
468	467
473	466
500	466
475	466
206	466
450	464
409	464
450	464
355	464
265	464
455	464
441	463
479	463
444	463
450	462
458	462
405	462
491	462
480	462
NA	462
NA	461
462	461
494	461
479	461
471	461
206	461
466	460
400	460
414	460
237	460
492	459
475	459
418	459
500	459
460	459
449	459
472	458
458	458
NA	458
475	457
313	457
500	457
500	457
451	457
484	457
491	456
426	456
478	456
417	456
463	456
337	456
250	455
400	455
475	455
493	455
388	454
491	453
429	453
440	453
406	453
NA	452
406	452
481	452
383	452
491	452
476	452
421	452
498	452
471	452
455	452
408	451
439	451
487	451
377	451
462	451
445	450
500	450
NA	450
482	450
470	450
500	450
459	450
190	450
466	449
420	449
477	449
438	449
193	449
225	449
231	449
428	449
476	448
456	448
456	448
451	448
436	448
478	447
500	447
489	447
474	447
389	447
500	446
429	446
471	446
450	446
472	446
469	446
NA	446
386	446
332	445
500	445
469	445
406	445
380	444
473	444
462	444
224	444
378	444
381	444
312	444
435	443
425	443
411	442
446	442
454	442
391	442
479	442
447	442
405	442
444	441
492	441
354	441
443	441
464	441
412	441
NA	441
478	440
458	440
445	440
433	440
490	439
478	439
488	439
315	439
420	439
471	439
465	439
445	438
408	438
500	438
406	438
203	438
202	438
492	437
453	437
460	437
431	436
478	436
462	436
500	436
343	435
482	435
447	435
465	435
470	435
393	435
411	435
246	435
415	434
429	434
468	433
428	433
421	433
412	433
216	433
NA	433
500	432
473	432
426	432
424	432
366	432
321	432
419	431
465	431
418	431
NA	431
437	431
412	431
374	430
427	430
461	430
452	430
471	430
383	430
317	430
462	430
242	430
425	428
449	428
436	428
416	428
NA	428
500	427
464	427
416	427
330	427
460	427
373	427
356	427
404	427
487	426
489	426
495	426
463	426
424	426
NA	426
429	426
500	425
487	425
476	425
442	425
464	425
290	425
314	425
270	425
480	424
464	424
436	424
460	424
434	424
449	424
462	424
162	424
451	423
466	423
479	423
438	423
437	423
NA	423
299	422
430	422
435	422
355	422
446	422
375	422
420	422
362	422
378	421
470	421
416	421
446	421
486	421
462	421
427	421
432	421
443	421
431	420
428	420
419	420
375	420
439	420
311	420
447	420
409	420
365	420
395	419
454	419
455	419
450	419
385	419
406	419
457	419
419	419
479	418
372	418
432	418
426	418
478	418
500	417
472	417
363	417
487	417
500	417
440	417
436	417
418	417
398	417
440	417
440	417
419	417
414	416
414	416
454	416
447	416
415	416
356	416
438	416
417	416
NA	416
500	415
500	415
471	415
453	415
456	415
422	415
500	415
399	415
376	415
375	415
254	415
365	414
211	414
500	413
386	413
408	413
304	413
399	413
403	413
494	412
484	412
450	412
475	412
409	412
371	412
419	412
452	412
NA	412
353	412
228	412
421	411
411	411
414	411
454	411
466	411
461	411
NA	411
459	410
499	410
394	410
496	410
408	410
374	410
500	410
476	410
457	410
408	410
245	409
469	409
452	409
484	409
233	409
NA	408
420	408
471	408
443	408
430	408
399	408
465	408
438	408
423	408
392	408
452	408
388	408
482	407
402	407
422	407
485	407
428	407
391	407
304	407
500	406
480	406
491	406
475	406
453	406
187	406
NA	406
305	406
NA	405
455	405
415	405
438	405
391	405
453	405
384	405
352	405
288	405
456	405
383	405
NA	405
459	404
447	404
405	404
435	403
417	403
421	403
432	403
384	403
426	403
283	403
467	402
432	402
422	402
228	402
385	402
NA	402
NA	402
480	401
481	401
440	401
402	401
412	401
410	401
456	400
430	400
376	400
384	400
453	400
452	400
414	400
446	400
378	400
465	399
433	399
441	399
475	399
456	399
406	399
417	399
217	399
209	399
327	399
476	398
401	398
376	398
435	398
419	398
446	398
227	398
500	398
400	397
441	397
493	397
451	397
381	397
424	397
331	397
493	396
434	396
245	396
412	396
425	396
NA	396
385	396
419	396
354	396
386	395
470	395
444	395
456	395
436	395
436	395
359	395
333	395
384	395
414	395
449	395
439	395
270	395
392	395
420	395
373	395
NA	394
440	394
434	394
358	394
478	394
310	394
410	394
390	394
405	393
367	393
417	393
422	393
390	393
367	393
428	392
420	392
370	392
458	392
474	392
479	392
428	392
372	392
370	392
426	392
NA	392
NA	392
494	391
440	391
464	391
499	391
499	391
457	391
424	391
341	391
450	391
398	391
420	391
362	391
403	391
380	391
303	391
NA	391
NA	391
430	390
408	390
406	390
469	390
NA	390
347	390
248	390
407	390
420	389
353	389
422	389
394	389
419	389
454	389
447	389
451	389
428	389
242	389
372	389
187	389
NA	389
398	388
471	388
398	388
452	388
382	388
429	388
461	388
266	388
265	388
264	388
456	388
433	387
429	387
385	387
395	387
428	387
420	387
433	387
418	387
449	387
433	387
271	387
461	387
384	387
402	387
457	387
200	387
352	387
402	386
409	386
466	386
344	386
443	386
389	386
389	386
416	386
385	386
271	386
257	386
384	386
378	386
279	386
174	386
NA	386
404	385
259	385
421	385
477	385
383	385
378	385
392	385
333	385
210	385
400	385
167	385
NA	385
441	384
420	384
377	384
417	384
445	384
460	384
352	384
483	384
357	384
NA	384
481	384
327	384
NA	384
379	384
214	384
445	384
395	383
391	383
391	383
447	383
407	383
435	383
357	383
382	383
421	383
430	383
450	383
457	383
316	383
417	383
316	383
397	383
NA	383
361	382
475	382
435	382
441	382
271	382
416	382
376	382
NA	382
476	381
402	381
470	381
371	381
433	381
436	381
469	381
417	381
411	381
410	381
359	381
371	381
429	381
416	381
390	381
308	381
364	381
443	381
NA	381
464	380
455	380
454	380
453	380
432	380
422	380
390	380
389	380
291	380
426	380
NA	380
419	380
374	380
258	380
392	380
320	380
180	380
482	380
419	379
438	379
473	379
432	379
474	379
467	379
464	379
439	379
421	379
265	379
434	379
283	379
422	379
401	379
302	379
433	379
365	379
NA	379
476	378
382	378
431	378
439	378
431	378
421	378
414	378
399	378
383	378
388	378
381	378
184	378
NA	378
450	377
429	377
375	377
315	377
431	377
437	377
449	377
434	377
372	377
236	377
382	377
457	377
441	377
361	377
253	377
409	377
379	377
135	377
426	376
338	376
498	376
417	376
343	376
334	376
427	376
427	376
410	376
451	376
408	376
334	376
186	376
317	376
163	375
431	375
399	375
NA	375
419	375
260	375
383	375
344	375
307	375
273	375
500	375
NA	375
466	374
412	374
NA	374
245	374
388	374
450	374
447	374
428	374
397	374
392	374
411	374
443	374
443	374
409	374
394	374
459	374
395	374
381	374
204	374
414	374
378	374
448	373
444	373
451	373
471	373
430	373
381	373
429	373
439	373
379	373
471	373
321	373
454	373
335	373
362	373
421	373
360	373
223	373
410	373
371	373
465	372
428	372
400	372
434	372
400	372
NA	372
440	372
NA	372
340	372
375	372
362	372
427	372
430	372
407	372
396	372
299	372
428	372
470	372
264	372
NA	372
NA	372
315	371
437	371
403	371
410	371
448	371
366	371
438	371
363	371
364	371
429	371
408	371
280	371
230	371
NA	371
219	371
500	371
402	371
413	370
447	370
476	370
410	370
390	370
466	370
368	370
452	370
380	370
400	370
441	370
410	370
409	370
287	370
249	370
397	370
396	369
416	369
435	369
440	369
443	369
259	369
418	369
358	369
206	369
411	369
436	369
373	369
381	369
336	369
426	369
373	369
307	369
370	369
370	369
283	369
265	369
289	369
417	368
409	368
377	368
437	368
426	368
448	368
431	368
439	368
428	368
413	368
366	368
424	368
409	368
394	368
417	368
384	368
353	368
384	368
274	368
338	368
286	368
405	368
335	368
310	368
337	367
394	367
415	367
396	367
369	367
374	367
370	367
341	367
362	367
426	367
413	367
395	367
369	367
281	367
375	367
293	367
279	367
408	367
397	366
NA	366
379	366
412	366
421	366
423	366
456	366
441	366
364	366
433	366
421	366
430	366
349	366
368	366
NA	366
476	366
421	366
382	366
211	366
357	366
355	366
366	365
354	365
341	365
422	365
319	365
481	365
252	365
393	365
323	365
368	365
313	365
335	365
390	365
177	365
423	364
464	364
404	364
446	364
422	364
390	364
451	364
410	364
478	364
399	364
333	364
395	364
216	364
416	364
364	364
407	364
395	364
286	364
400	364
408	364
261	364
353	364
422	364
418	364
206	364
366	363
282	363
NA	363
428	363
377	363
366	363
411	363
463	363
408	363
391	363
412	363
386	363
399	363
459	363
207	363
NA	363
455	363
329	363
335	363
294	363
237	363
NA	363
461	362
363	362
435	362
377	362
327	362
301	362
474	362
466	362
404	362
413	362
329	362
NA	362
316	362
420	362
405	362
269	362
391	362
385	362
352	362
265	362
456	361
389	361
120	361
363	361
279	361
413	361
437	361
300	361
379	361
385	361
360	361
453	361
439	361
323	361
393	361
420	361
199	361
228	361
412	361
414	361
439	361
228	361
403	360
436	360
367	360
NA	360
394	360
366	360
393	360
355	360
274	360
415	360
332	360
348	360
268	360
325	360
235	360
257	359
316	359
221	359
432	359
436	359
329	359
442	359
429	359
360	359
406	359
404	359
397	359
407	359
356	359
417	359
357	359
291	359
386	359
372	359
373	359
464	359
372	359
349	359
NA	359
311	359
264	359
302	359
374	359
423	359
322	359
292	359
237	359
225	359
NA	359
423	358
479	358
426	358
363	358
252	358
306	358
343	358
392	358
352	358
321	358
241	358
250	358
380	358
424	358
330	358
430	358
394	358
NA	358
375	357
352	357
438	357
429	357
428	357
395	357
168	357
406	357
352	357
405	357
404	357
412	357
438	357
376	357
358	357
411	357
266	357
369	357
402	357
211	357
274	357
500	357
NA	357
273	356
262	356
414	356
448	356
278	356
468	356
402	356
415	356
436	356
430	356
367	356
278	356
398	356
387	356
315	356
345	356
414	356
401	356
460	356
404	356
306	356
263	356
387	356
393	356
267	356
279	356
398	356
394	356
198	356
362	356
NA	356
NA	356
366	355
444	355
422	355
420	355
262	355
365	355
373	355
417	355
441	355
391	355
423	355
348	355
333	355
352	355
377	355
428	355
324	355
329	355
256	355
148	355
380	355
306	355
263	355
384	354
429	354
447	354
393	354
443	354
379	354
325	354
370	354
417	354
359	354
367	354
373	354
409	354
305	354
330	354
301	354
358	354
209	354
463	354
454	354
314	354
392	353
482	353
397	353
328	353
388	353
428	353
238	353
351	353
383	353
402	353
421	353
430	353
407	353
223	353
368	353
NA	353
336	353
257	353
407	353
220	353
233	353
381	353
259	353
206	353
397	352
369	352
461	352
415	352
379	352
443	352
412	352
383	352
371	352
427	352
329	352
241	352
410	352
488	352
459	351
311	351
361	351
365	351
400	351
445	351
410	351
400	351
374	351
311	351
388	351
367	351
325	351
403	351
271	351
356	351
224	351
403	351
294	351
185	351
395	351
296	351
NA	351
378	350
262	350
383	350
422	350
448	350
214	350
408	350
237	350
409	350
457	350
433	350
290	350
406	350
389	350
306	350
374	350
391	350
363	350
344	350
384	350
262	350
198	350
243	350
348	350
324	350
NA	350
172	350
237	350
286	350
454	350
NA	350
410	349
389	349
406	349
465	349
414	349
341	349
430	349
431	349
428	349
388	349
499	349
422	349
376	349
411	349
365	349
295	349
386	349
269	349
272	349
463	349
455	349
358	349
314	349
249	349
212	349
430	349
379	348
244	348
393	348
398	348
462	348
413	348
316	348
NA	348
364	348
417	348
402	348
410	348
294	348
395	348
343	348
476	348
336	348
248	348
NA	348
333	348
330	348
387	348
394	348
190	348
370	348
367	348
350	348
212	348
238	348
194	348
210	348
NA	348
464	347
400	347
421	347
302	347
460	347
372	347
402	347
424	347
295	347
306	347
305	347
229	347
417	347
297	347
295	347
185	347
373	347
458	347
247	347
412	347
428	347
358	347
297	347
377	347
264	347
282	347
243	347
242	347
NA	347
274	346
412	346
381	346
383	346
447	346
380	346
426	346
336	346
406	346
366	346
355	346
421	346
375	346
438	346
312	346
436	346
303	346
271	346
288	346
NA	346
230	346
346	345
406	345
389	345
445	345
404	345
375	345
415	345
276	345
408	345
366	345
392	345
NA	345
331	345
332	345
455	345
360	345
418	345
400	345
380	345
355	345
391	345
330	345
392	345
399	345
350	345
358	345
222	345
221	345
212	345
404	345
296	345
240	345
261	345
259	345
392	344
371	344
244	344
405	344
435	344
286	344
413	344
215	344
464	344
265	344
235	344
453	344
359	344
349	344
282	344
407	344
373	344
303	344
179	344
294	344
340	344
346	344
240	344
414	344
NA	344
224	344
345	344
188	344
450	344
324	344
384	344
382	344
329	344
387	343
379	343
391	343
449	343
432	343
301	343
375	343
412	343
457	343
431	343
247	343
347	343
383	343
355	343
223	343
414	343
288	343
392	343
367	343
373	343
184	343
223	343
264	343
446	343
341	343
372	343
362	343
361	343
NA	343
497	342
413	342
344	342
371	342
385	342
423	342
367	342
239	342
420	342
428	342
385	342
404	342
367	342
362	342
404	342
342	342
375	342
224	342
387	342
347	342
385	342
187	342
366	342
235	342
295	342
330	342
301	342
263	342
413	342
300	342
282	342
370	341
162	341
426	341
424	341
492	341
176	341
398	341
NA	341
356	341
353	341
375	341
NA	341
273	341
398	341
336	341
341	341
336	341
313	341
383	341
282	341
NA	341
410	341
203	341
295	341
438	341
368	340
377	340
415	340
393	340
281	340
383	340
325	340
380	340
338	340
378	340
356	340
361	340
359	340
341	340
368	340
278	340
237	340
413	340
419	340
244	340
413	339
333	339
375	339
345	339
337	339
351	339
345	339
369	339
NA	339
403	339
350	339
311	339
337	339
330	339
231	339
243	339
382	339
335	339
368	339
405	339
343	339
286	339
250	339
291	339
379	339
NA	339
236	338
374	338
410	338
382	338
392	338
464	338
408	338
382	338
329	338
NA	338
393	338
433	338
428	338
362	338
300	338
393	338
436	338
412	338
378	338
227	338
NA	338
312	338
404	338
297	338
287	338
217	338
230	338
278	338
225	338
417	338
390	337
409	337
451	337
228	337
265	337
331	337
215	337
401	337
399	337
383	337
364	337
244	337
233	337
287	337
420	337
402	337
375	337
402	337
359	337
338	337
439	337
290	337
163	337
333	337
393	337
415	337
407	337
405	337
350	337
345	337
NA	337
NA	337
NA	337
391	336
403	336
292	336
408	336
243	336
399	336
343	336
344	336
379	336
386	336
347	336
399	336
245	336
392	336
409	336
271	336
381	336
286	336
261	336
424	336
363	336
285	336
343	336
336	336
435	336
425	336
241	336
377	336
385	336
291	336
271	336
379	336
290	336
390	336
171	336
251	336
NA	336
413	336
NA	336
254	336
229	336
403	336
206	336
302	336
418	336
NA	336
412	335
415	335
318	335
295	335
NA	335
319	335
185	335
398	335
388	335
410	335
402	335
391	335
316	335
261	335
365	335
415	335
386	335
342	335
244	335
232	335
292	335
311	335
378	335
238	335
255	335
317	335
234	335
337	335
290	335
213	335
314	335
362	335
307	335
NA	335
404	335
270	335
321	335
457	335
426	335
296	335
NA	335
300	334
358	334
419	334
284	334
387	334
370	334
355	334
354	334
373	334
329	334
373	334
420	334
435	334
420	334
370	334
404	334
252	334
320	334
316	334
347	334
331	334
389	334
415	334
232	334
255	334
305	334
214	334
414	334
250	334
214	334
385	334
361	334
262	334
299	334
368	334
190	334
236	334
202	334
459	334
412	334
353	333
230	333
397	333
386	333
384	333
407	333
307	333
373	333
369	333
239	333
405	333
347	333
383	333
245	333
332	333
332	333
385	333
368	333
392	333
255	333
221	333
333	333
317	333
282	333
351	333
NA	333
232	333
303	333
478	333
283	333
267	333
362	333
357	333
329	333
319	333
211	333
451	332
303	332
373	332
235	332
417	332
419	332
414	332
195	332
484	332
393	332
361	332
411	332
319	332
295	332
351	332
265	332
285	332
283	332
284	332
264	332
244	332
323	332
332	332
315	332
366	332
358	332
394	332
239	332
179	332
293	332
448	332
364	332
NA	332
303	331
429	331
465	331
348	331
347	331
396	331
457	331
315	331
374	331
319	331
234	331
381	331
392	331
324	331
364	331
370	331
282	331
281	331
277	331
426	331
374	331
353	331
232	331
296	331
320	331
265	331
273	331
246	331
390	331
371	331
402	331
234	331
326	331
188	331
345	331
341	331
287	331
366	331
413	331
386	331
462	330
384	330
246	330
413	330
343	330
365	330
361	330
295	330
430	330
400	330
NA	330
409	330
402	330
415	330
274	330
357	330
427	330
307	330
387	330
408	330
416	330
342	330
394	330
359	330
330	330
294	330
322	330
252	330
361	330
209	330
273	330
264	330
386	330
211	330
296	330
207	330
NA	330
469	330
443	330
388	330
364	330
196	329
343	329
327	329
420	329
428	329
244	329
381	329
418	329
370	329
412	329
321	329
221	329
391	329
323	329
272	329
397	329
424	329
320	329
196	329
370	329
384	329
341	329
380	329
394	329
300	329
219	329
314	329
304	329
293	329
370	329
432	329
404	329
311	329
305	329
233	329
NA	329
420	328
327	328
357	328
451	328
264	328
380	328
389	328
466	328
391	328
287	328
362	328
323	328
223	328
310	328
240	328
402	328
293	328
252	328
354	328
251	328
478	328
380	328
321	328
264	328
420	328
261	328
318	328
NA	328
209	328
376	328
320	328
257	328
307	328
175	328
363	328
168	328
233	328
417	328
382	328
358	328
NA	328
387	327
384	327
416	327
280	327
335	327
425	327
357	327
374	327
236	327
280	327
268	327
NA	327
320	327
411	327
379	327
306	327
290	327
185	327
268	327
297	327
330	327
230	327
197	327
239	327
378	327
283	327
268	327
264	327
437	327
295	327
NA	327
256	326
424	326
221	326
419	326
404	326
338	326
379	326
357	326
441	326
404	326
378	326
312	326
276	326
363	326
261	326
398	326
397	326
443	326
383	326
418	326
367	326
364	326
325	326
316	326
312	326
393	326
303	326
378	326
315	326
238	326
425	326
355	326
247	326
288	326
302	326
293	326
289	326
242	326
196	326
378	326
404	326
189	326
387	326
247	325
349	325
NA	325
396	325
379	325
431	325
475	325
321	325
364	325
214	325
438	325
414	325
238	325
376	325
359	325
425	325
324	325
364	325
364	325
380	325
339	325
403	325
323	325
284	325
348	325
213	325
283	325
262	325
307	325
391	325
323	325
278	325
404	325
377	325
NA	325
419	324
394	324
365	324
243	324
313	324
259	324
426	324
361	324
323	324
378	324
268	324
470	324
336	324
334	324
302	324
333	324
432	324
387	324
152	324
481	324
328	324
355	324
371	324
254	324
300	324
NA	324
416	324
406	324
193	324
NA	324
153	324
NA	324
234	324
351	324
NA	324
299	323
438	323
329	323
272	323
320	323
238	323
325	323
320	323
306	323
385	323
390	323
315	323
NA	323
373	323
287	323
351	323
375	323
293	323
353	323
365	323
337	323
216	323
226	323
317	323
256	323
NA	323
425	323
244	323
294	323
284	323
355	323
329	323
330	323
328	323
NA	323
348	322
430	322
427	322
346	322
348	322
398	322
368	322
386	322
363	322
409	322
434	322
370	322
383	322
224	322
350	322
336	322
240	322
258	322
231	322
278	322
277	322
266	322
247	322
441	322
367	322
283	322
336	322
337	322
307	322
198	322
418	322
314	322
266	322
238	322
416	322
230	322
388	322
382	322
322	322
304	322
395	321
213	321
432	321
350	321
400	321
359	321
321	321
440	321
386	321
344	321
364	321
327	321
320	321
319	321
309	321
299	321
378	321
271	321
239	321
289	321
384	321
350	321
310	321
253	321
252	321
399	321
339	321
286	321
180	321
NA	321
NA	321
390	320
318	320
386	320
351	320
272	320
266	320
331	320
278	320
383	320
261	320
391	320
203	320
310	320
216	320
356	320
267	320
397	320
275	320
400	320
329	320
205	320
326	320
364	320
342	320
288	320
250	320
467	320
416	320
205	320
415	320
389	320
373	320
349	320
299	320
311	320
392	320
304	320
NA	320
284	320
334	320
338	320
271	320
311	320
283	320
222	320
261	320
345	320
268	320
296	320
287	320
356	320
287	320
250	320
266	320
323	320
375	320
236	320
319	320
316	320
247	320
313	319
317	319
273	319
221	319
387	319
356	319
418	319
308	319
390	319
329	319
356	319
254	319
253	319
258	319
372	319
289	319
176	319
361	319
327	319
382	319
349	319
342	319
328	319
216	319
NA	319
215	319
NA	319
413	319
345	319
271	319
360	319
312	319
398	319
255	319
221	319
280	319
322	319
300	319
239	319
202	319
248	319
164	319
412	319
351	319
239	319
249	318
362	318
389	318
361	318
408	318
338	318
329	318
215	318
265	318
347	318
327	318
228	318
307	318
445	318
359	318
298	318
329	318
270	318
348	318
330	318
277	318
275	318
381	318
369	318
366	318
355	318
300	318
NA	318
NA	318
433	317
281	317
198	317
440	317
371	317
399	317
368	317
411	317
407	317
295	317
419	317
243	317
394	317
357	317
254	317
274	317
294	317
346	317
293	317
277	317
276	317
280	317
213	317
277	317
321	317
374	317
312	317
284	317
348	317
257	317
301	317
458	317
240	317
387	317
NA	317
NA	317
247	316
254	316
255	316
359	316
400	316
254	316
307	316
372	316
255	316
265	316
396	316
297	316
274	316
339	316
295	316
375	316
366	316
317	316
354	316
233	316
289	316
283	316
381	316
NA	316
360	316
336	316
294	316
302	316
311	316
328	316
352	316
240	316
393	316
330	316
NA	316
301	316
252	316
390	316
149	316
338	316
269	316
346	316
238	316
204	316
198	316
169	316
335	316
274	316
NA	316
380	315
251	315
341	315
401	315
NA	315
346	315
417	315
223	315
363	315
207	315
355	315
300	315
346	315
275	315
401	315
367	315
351	315
272	315
318	315
338	315
416	315
326	315
262	315
316	315
280	315
416	315
260	315
304	315
280	315
334	315
323	315
332	315
340	315
323	315
292	315
356	315
267	315
NA	315
308	315
238	315
304	315
306	315
263	315
211	315
300	315
221	315
185	315
354	315
351	315
285	314
381	314
340	314
338	314
292	314
374	314
226	314
412	314
414	314
318	314
268	314
247	314
358	314
316	314
327	314
249	314
330	314
356	314
339	314
362	314
312	314
372	314
354	314
166	314
384	314
290	314
349	314
290	314
272	314
267	314
329	314
NA	314
232	314
197	314
345	314
209	314
313	314
279	314
262	314
203	314
305	314
261	314
339	314
389	314
201	314
272	314
303	314
357	314
NA	314
370	314
224	314
NA	314
225	314
372	314
291	314
NA	314
363	313
393	313
382	313
373	313
296	313
206	313
398	313
351	313
407	313
340	313
261	313
313	313
339	313
336	313
260	313
343	313
345	313
312	313
342	313
260	313
339	313
361	313
334	313
NA	313
427	313
244	313
318	313
284	313
NA	313
185	313
335	313
287	313
269	313
284	313
341	313
226	313
229	313
NA	313
362	313
NA	313
234	313
283	313
171	313
249	313
412	313
380	313
366	313
363	313
323	313
NA	313
389	312
432	312
407	312
381	312
NA	312
399	312
412	312
384	312
381	312
308	312
240	312
388	312
189	312
NA	312
369	312
211	312
419	312
384	312
373	312
323	312
372	312
372	312
382	312
341	312
352	312
225	312
370	312
329	312
364	312
330	312
394	312
343	312
286	312
219	312
306	312
315	312
334	312
326	312
306	312
356	312
363	312
216	312
248	312
211	312
204	312
231	312
NA	312
NA	312
240	311
217	311
344	311
347	311
363	311
288	311
274	311
303	311
365	311
346	311
347	311
430	311
388	311
312	311
368	311
404	311
277	311
314	311
241	311
267	311
360	311
360	311
210	311
351	311
319	311
248	311
406	311
351	311
279	311
373	311
358	311
306	311
366	311
295	311
387	311
331	311
282	311
204	311
183	311
417	311
333	311
153	311
286	311
336	311
361	311
216	311
213	311
269	311
268	311
350	311
NA	311
NA	311
386	310
255	310
219	310
360	310
255	310
274	310
380	310
339	310
428	310
418	310
409	310
278	310
402	310
334	310
256	310
253	310
322	310
433	310
393	310
320	310
320	310
165	310
295	310
367	310
302	310
325	310
366	310
276	310
357	310
347	310
401	310
314	310
327	310
303	310
292	310
261	310
341	310
334	310
210	310
325	310
327	310
236	310
300	310
284	310
324	310
303	310
274	310
224	310
337	310
333	310
289	310
355	310
271	310
297	310
272	310
356	310
338	310
336	310
309	310
292	310
254	310
270	309
392	309
385	309
325	309
347	309
293	309
238	309
191	309
371	309
334	309
379	309
156	309
337	309
379	309
312	309
374	309
294	309
264	309
370	309
291	309
383	309
225	309
436	309
315	309
350	309
253	309
323	309
272	309
330	309
306	309
316	309
358	309
323	309
343	309
314	309
306	309
235	309
245	309
194	309
286	309
291	309
257	309
250	309
197	309
216	309
200	309
419	309
404	309
361	309
351	309
326	309
305	309
209	309
363	308
335	308
282	308
236	308
262	308
325	308
340	308
237	308
350	308
206	308
415	308
276	308
338	308
279	308
334	308
353	308
183	308
NA	308
213	308
370	308
346	308
226	308
213	308
249	308
370	308
381	308
346	308
339	308
304	308
316	308
304	308
281	308
329	308
274	308
407	308
315	308
244	308
317	308
278	308
245	308
285	308
352	308
267	308
329	308
282	308
224	308
335	308
261	308
320	308
326	308
298	308
270	308
233	308
206	308
258	308
199	308
313	308
260	308
241	308
NA	308
NA	308
318	307
245	307
326	307
312	307
311	307
374	307
333	307
296	307
391	307
302	307
241	307
318	307
395	307
331	307
214	307
351	307
342	307
242	307
324	307
281	307
298	307
360	307
354	307
412	307
417	307
216	307
327	307
314	307
223	307
310	307
203	307
301	307
363	307
330	307
365	307
332	307
378	307
200	307
337	307
333	307
325	307
340	307
313	307
257	307
231	307
394	307
335	307
326	307
221	307
196	307
264	307
385	307
331	307
281	307
291	307
324	307
305	307
322	307
217	307
260	307
198	307
226	307
253	307
377	307
300	307
370	307
237	307
377	307
283	307
244	307
NA	307
NA	307
343	306
229	306
450	306
357	306
377	306
201	306
343	306
NA	306
290	306
396	306
404	306
381	306
279	306
353	306
287	306
257	306
336	306
259	306
340	306
443	306
286	306
308	306
300	306
313	306
350	306
417	306
309	306
279	306
243	306
341	306
252	306
262	306
314	306
225	306
311	306
257	306
221	306
358	306
320	306
250	306
360	306
NA	306
221	306
331	306
309	306
309	306
366	306
319	306
291	306
302	306
238	306
175	306
282	306
NA	306
206	306
242	306
NA	306
220	306
352	306
306	306
240	306
NA	306
341	305
400	305
245	305
293	305
443	305
385	305
345	305
256	305
214	305
310	305
256	305
363	305
413	305
215	305
455	305
363	305
338	305
300	305
345	305
327	305
349	305
320	305
207	305
348	305
269	305
383	305
299	305
185	305
342	305
347	305
371	305
367	305
234	305
292	305
237	305
310	305
281	305
359	305
251	305
366	305
274	305
356	305
345	305
310	305
292	305
252	305
244	305
351	305
234	305
287	305
212	305
187	305
153	305
319	305
272	305
322	305
255	305
282	305
NA	305
NA	305
299	305
429	304
257	304
239	304
250	304
362	304
218	304
340	304
311	304
297	304
294	304
307	304
287	304
325	304
422	304
277	304
347	304
342	304
344	304
281	304
306	304
305	304
217	304
328	304
398	304
375	304
340	304
279	304
357	304
329	304
232	304
355	304
336	304
239	304
298	304
339	304
239	304
306	304
297	304
292	304
266	304
317	304
285	304
341	304
324	304
339	304
NA	304
NA	304
315	304
290	304
259	304
193	304
225	304
200	304
259	304
322	304
318	304
300	304
184	304
304	304
306	304
197	304
323	304
268	304
254	304
201	304
235	304
422	304
348	304
314	304
204	304
NA	304
183	303
381	303
302	303
315	303
408	303
344	303
373	303
193	303
369	303
356	303
374	303
291	303
363	303
344	303
226	303
381	303
NA	303
408	303
435	303
350	303
253	303
219	303
326	303
297	303
384	303
374	303
349	303
348	303
317	303
197	303
353	303
236	303
351	303
284	303
317	303
357	303
210	303
407	303
382	303
373	303
323	303
309	303
301	303
353	303
334	303
314	303
291	303
310	303
359	303
280	303
376	303
263	303
246	303
324	303
295	303
404	303
326	303
275	303
NA	303
269	303
239	303
261	303
350	303
358	303
342	303
341	303
390	302
352	302
245	302
233	302
337	302
398	302
228	302
NA	302
386	302
370	302
235	302
237	302
370	302
319	302
408	302
NA	302
376	302
354	302
335	302
350	302
321	302
354	302
347	302
367	302
340	302
338	302
264	302
281	302
285	302
242	302
348	302
306	302
365	302
337	302
319	302
213	302
289	302
259	302
306	302
346	302
225	302
383	302
270	302
353	302
270	302
350	302
307	302
344	302
347	302
273	302
272	302
278	302
268	302
281	302
393	302
364	302
244	302
212	302
238	302
247	302
271	302
257	302
354	302
296	302
382	302
292	302
278	302
269	302
303	302
343	302
253	302
244	302
NA	302
NA	302
443	301
210	301
394	301
266	301
206	301
358	301
395	301
349	301
349	301
247	301
283	301
362	301
282	301
395	301
344	301
253	301
365	301
232	301
336	301
332	301
307	301
241	301
335	301
334	301
285	301
270	301
231	301
360	301
341	301
321	301
374	301
289	301
319	301
257	301
196	301
318	301
259	301
319	301
316	301
360	301
330	301
305	301
246	301
304	301
NA	301
214	301
256	301
297	301
311	301
298	301
267	301
292	301
193	301
271	301
NA	301
318	300
NA	300
373	300
301	300
360	300
216	300
343	300
384	300
209	300
366	300
244	300
382	300
357	300
252	300
350	300
380	300
353	300
284	300
257	300
NA	300
409	300
261	300
289	300
342	300
307	300
333	300
336	300
300	300
304	300
352	300
355	300
349	300
357	300
328	300
270	300
197	300
358	300
299	300
298	300
238	300
329	300
307	300
336	300
348	300
330	300
250	300
283	300
256	300
321	300
319	300
307	300
332	300
307	300
265	300
314	300
304	300
333	300
278	300
285	300
249	300
303	300
315	300
229	300
258	300
277	300
234	300
390	300
291	300
267	300
NA	300
NA	300
NA	300
250	299
393	299
407	299
320	299
397	299
380	299
350	299
303	299
234	299
313	299
368	299
233	299
225	299
285	299
286	299
248	299
358	299
260	299
302	299
186	299
264	299
229	299
203	299
278	299
348	299
337	299
273	299
295	299
291	299
NA	299
341	299
302	299
349	299
328	299
355	299
309	299
314	299
380	299
309	299
283	299
317	299
283	299
311	299
241	299
177	299
NA	299
266	299
387	299
305	299
194	299
357	299
289	299
248	299
242	299
324	299
324	299
244	299
321	299
330	299
249	299
265	299
279	299
294	299
NA	299
354	299
284	299
245	299
363	299
319	299
NA	299
346	298
343	298
377	298
330	298
436	298
393	298
382	298
368	298
316	298
410	298
361	298
346	298
255	298
359	298
196	298
345	298
304	298
281	298
310	298
307	298
286	298
341	298
319	298
369	298
290	298
188	298
368	298
306	298
330	298
263	298
332	298
320	298
282	298
307	298
329	298
337	298
316	298
245	298
253	298
NA	298
353	298
298	298
327	298
310	298
250	298
329	298
289	298
243	298
250	298
285	298
312	298
276	298
289	298
261	298
210	298
185	298
281	298
396	298
320	298
312	298
278	298
203	298
NA	298
NA	298
400	297
329	297
268	297
246	297
313	297
207	297
368	297
258	297
360	297
213	297
217	297
363	297
334	297
352	297
273	297
269	297
273	297
321	297
187	297
336	297
262	297
381	297
379	297
350	297
337	297
319	297
369	297
238	297
332	297
283	297
317	297
310	297
252	297
237	297
338	297
278	297
316	297
240	297
228	297
NA	297
305	297
261	297
393	297
270	297
267	297
258	297
275	297
261	297
321	297
208	297
NA	297
332	297
235	297
192	297
184	297
205	297
290	297
274	297
NA	296
439	296
399	296
303	296
335	296
411	296
265	296
197	296
352	296
352	296
340	296
191	296
292	296
267	296
354	296
334	296
330	296
357	296
210	296
248	296
179	296
325	296
265	296
277	296
246	296
402	296
213	296
204	296
240	296
282	296
309	296
257	296
245	296
325	296
189	296
255	296
324	296
219	296
301	296
223	296
237	296
318	296
332	296
244	296
326	296
206	296
232	296
203	296
299	296
277	296
201	296
275	296
189	296
215	296
225	296
437	296
417	296
413	296
371	296
360	296
346	296
230	296
219	296
NA	296
NA	296
347	295
384	295
427	295
303	295
362	295
198	295
240	295
297	295
443	295
334	295
336	295
305	295
NA	295
238	295
373	295
337	295
361	295
322	295
319	295
305	295
358	295
NA	295
257	295
246	295
253	295
260	295
237	295
311	295
NA	295
256	295
319	295
195	295
390	295
253	295
321	295
203	295
333	295
400	295
340	295
298	295
327	295
303	295
251	295
337	295
212	295
251	295
190	295
290	295
285	295
218	295
261	295
261	295
361	295
246	295
242	295
146	295
333	295
304	295
302	295
182	295
361	294
252	294
238	294
299	294
300	294
259	294
308	294
188	294
260	294
356	294
355	294
323	294
225	294
316	294
307	294
269	294
191	294
189	294
233	294
287	294
222	294
344	294
239	294
298	294
338	294
300	294
232	294
332	294
240	294
312	294
268	294
331	294
355	294
351	294
309	294
304	294
414	294
297	294
276	294
270	294
322	294
307	294
294	294
292	294
272	294
303	294
272	294
NA	294
322	294
321	294
NA	294
284	294
233	294
265	294
210	294
331	294
340	294
233	294
426	294
327	294
319	294
288	294
306	294
270	294
374	294
246	294
340	294
187	294
333	294
132	294
224	294
227	294
415	294
354	294
295	294
254	294
441	293
232	293
300	293
197	293
413	293
240	293
371	293
378	293
296	293
313	293
226	293
222	293
360	293
NA	293
220	293
291	293
290	293
415	293
346	293
313	293
NA	293
290	293
246	293
327	293
322	293
308	293
350	293
409	293
339	293
354	293
340	293
239	293
234	293
372	293
347	293
254	293
279	293
211	293
356	293
273	293
222	293
282	293
247	293
318	293
330	293
211	293
304	293
290	293
266	293
338	293
279	293
269	293
342	293
274	293
268	293
NA	293
177	293
393	293
301	293
248	293
228	293
318	293
293	293
335	293
306	293
NA	293
NA	293
291	293
276	293
NA	293
358	293
292	293
183	293
180	293
391	293
377	293
377	293
376	293
371	293
322	293
NA	293
341	292
248	292
310	292
355	292
252	292
NA	292
294	292
360	292
381	292
371	292
369	292
334	292
312	292
324	292
324	292
317	292
NA	292
388	292
315	292
285	292
240	292
335	292
338	292
303	292
242	292
197	292
321	292
198	292
311	292
255	292
331	292
266	292
318	292
334	292
323	292
344	292
271	292
384	292
253	292
248	292
357	292
213	292
280	292
315	292
360	292
248	292
339	292
262	292
302	292
254	292
200	292
293	292
224	292
305	292
272	292
292	292
220	292
250	292
308	292
220	292
297	292
300	292
NA	292
381	292
377	292
364	292
256	292
223	292
NA	292
414	291
224	291
231	291
213	291
204	291
246	291
444	291
351	291
279	291
277	291
251	291
373	291
195	291
362	291
382	291
230	291
319	291
336	291
319	291
NA	291
383	291
297	291
248	291
315	291
313	291
251	291
322	291
283	291
187	291
305	291
311	291
307	291
332	291
402	291
251	291
295	291
286	291
336	291
338	291
298	291
255	291
238	291
333	291
331	291
302	291
309	291
295	291
253	291
222	291
223	291
318	291
295	291
255	291
320	291
232	291
211	291
203	291
223	291
315	291
271	291
299	291
317	291
241	291
303	291
231	291
272	291
260	291
365	291
343	291
313	291
277	291
211	291
191	290
230	290
270	290
NA	290
397	290
385	290
NA	290
216	290
274	290
223	290
251	290
251	290
409	290
345	290
321	290
208	290
266	290
253	290
334	290
303	290
345	290
333	290
353	290
304	290
194	290
329	290
347	290
303	290
308	290
307	290
247	290
246	290
315	290
256	290
NA	290
296	290
248	290
315	290
323	290
307	290
NA	290
256	290
NA	290
380	290
NA	290
256	290
251	290
263	290
206	290
299	290
326	290
312	290
353	290
319	290
324	290
271	290
209	290
322	290
269	290
200	290
284	290
264	290
259	290
NA	290
250	290
265	290
NA	290
272	290
315	290
284	290
202	290
205	290
192	290
403	290
338	290
297	290
258	289
251	289
304	289
346	289
302	289
331	289
360	289
364	289
368	289
392	289
253	289
319	289
405	289
264	289
276	289
273	289
306	289
362	289
268	289
176	289
253	289
NA	289
324	289
299	289
267	289
327	289
335	289
279	289
345	289
306	289
273	289
294	289
253	289
310	289
283	289
324	289
238	289
271	289
333	289
264	289
277	289
377	289
311	289
220	289
NA	289
188	289
344	289
266	289
263	289
335	289
317	289
343	289
231	289
348	289
212	289
313	289
252	289
310	289
301	289
267	289
267	289
242	289
319	289
373	289
351	289
207	289
314	289
250	289
303	289
NA	289
154	289
256	289
328	289
270	289
NA	289
202	289
480	289
366	289
321	289
248	289
217	289
NA	289
NA	289
NA	289
252	288
294	288
272	288
221	288
325	288
264	288
380	288
307	288
319	288
354	288
273	288
326	288
247	288
348	288
337	288
344	288
327	288
335	288
356	288
335	288
164	288
342	288
327	288
198	288
323	288
309	288
291	288
400	288
343	288
332	288
255	288
NA	288
291	288
304	288
227	288
226	288
339	288
295	288
336	288
321	288
308	288
274	288
327	288
300	288
243	288
311	288
308	288
291	288
227	288
349	288
300	288
257	288
306	288
305	288
299	288
309	288
NA	288
214	288
NA	288
246	288
328	288
254	288
304	288
194	288
295	288
320	288
323	288
281	288
218	288
281	288
230	288
256	288
234	288
172	288
331	288
345	288
317	288
297	288
272	288
210	288
NA	288
270	288
259	288
207	288
194	288
175	288
237	288
210	288
490	288
379	288
364	288
300	288
252	288
186	288
NA	288
354	287
234	287
422	287
313	287
221	287
288	287
366	287
269	287
275	287
264	287
384	287
316	287
354	287
328	287
231	287
383	287
269	287
342	287
231	287
189	287
343	287
335	287
324	287
293	287
350	287
256	287
362	287
289	287
231	287
364	287
327	287
321	287
252	287
238	287
338	287
297	287
252	287
406	287
288	287
272	287
325	287
196	287
208	287
238	287
367	287
304	287
232	287
270	287
342	287
329	287
335	287
370	287
307	287
306	287
316	287
318	287
281	287
NA	287
221	287
235	287
250	287
296	287
308	287
349	287
321	287
262	287
257	287
284	287
400	287
220	287
255	287
222	287
267	287
309	287
275	287
194	287
361	287
NA	287
183	286
282	286
401	286
261	286
308	286
319	286
342	286
338	286
230	286
228	286
285	286
268	286
337	286
289	286
366	286
342	286
289	286
290	286
262	286
279	286
336	286
229	286
327	286
314	286
320	286
255	286
317	286
266	286
258	286
251	286
246	286
332	286
318	286
283	286
256	286
313	286
346	286
344	286
335	286
245	286
196	286
364	286
296	286
290	286
340	286
335	286
301	286
NA	286
251	286
312	286
232	286
301	286
287	286
307	286
320	286
239	286
220	286
NA	286
238	286
355	286
308	286
229	286
187	286
271	286
293	286
289	286
217	286
310	286
271	286
313	286
225	286
308	286
271	286
267	286
NA	286
NA	286
373	285
327	285
257	285
217	285
217	285
386	285
326	285
358	285
397	285
354	285
333	285
306	285
354	285
245	285
294	285
367	285
219	285
135	285
366	285
340	285
329	285
256	285
201	285
314	285
267	285
344	285
245	285
307	285
342	285
333	285
326	285
NA	285
340	285
326	285
277	285
269	285
258	285
324	285
307	285
337	285
388	285
199	285
NA	285
234	285
NA	285
NA	285
251	285
345	285
292	285
332	285
321	285
220	285
304	285
296	285
254	285
358	285
320	285
312	285
263	285
299	285
384	285
267	285
195	285
NA	285
NA	285
367	284
328	284
258	284
229	284
322	284
224	284
345	284
417	284
221	284
321	284
305	284
NA	284
407	284
NA	284
236	284
300	284
295	284
337	284
319	284
206	284
235	284
327	284
297	284
228	284
320	284
319	284
292	284
347	284
310	284
340	284
332	284
293	284
318	284
335	284
265	284
192	284
310	284
NA	284
290	284
284	284
261	284
282	284
321	284
338	284
240	284
266	284
301	284
271	284
324	284
319	284
331	284
322	284
327	284
367	284
295	284
287	284
NA	284
287	284
281	284
309	284
334	284
263	284
251	284
299	284
297	284
251	284
350	284
322	284
291	284
267	284
243	284
213	284
213	284
243	284
188	284
355	284
317	284
230	284
NA	284
266	283
378	283
317	283
353	283
366	283
371	283
436	283
366	283
397	283
258	283
NA	283
333	283
199	283
312	283
260	283
386	283
227	283
245	283
332	283
NA	283
324	283
263	283
361	283
333	283
276	283
330	283
328	283
259	283
295	283
357	283
178	283
334	283
319	283
220	283
NA	283
349	283
338	283
299	283
307	283
203	283
197	283
299	283
324	283
336	283
303	283
263	283
290	283
275	283
271	283
266	283
232	283
317	283
NA	283
362	283
341	283
228	283
321	283
309	283
290	283
317	283
284	283
209	283
NA	283
311	283
214	283
286	283
NA	283
337	283
298	283
266	283
230	283
272	283
217	283
230	283
334	283
270	283
313	283
277	283
266	283
209	283
194	283
367	282
393	282
364	282
478	282
235	282
254	282
419	282
389	282
291	282
339	282
178	282
363	282
219	282
363	282
353	282
280	282
378	282
281	282
253	282
252	282
251	282
282	282
328	282
237	282
273	282
224	282
298	282
278	282
213	282
NA	282
348	282
343	282
328	282
176	282
273	282
345	282
312	282
288	282
293	282
293	282
332	282
312	282
365	282
343	282
331	282
330	282
327	282
NA	282
230	282
311	282
281	282
342	282
293	282
262	282
321	282
243	282
178	282
NA	282
348	282
327	282
310	282
206	282
326	282
228	282
223	282
308	282
188	282
184	282
NA	282
293	282
271	282
335	282
259	282
238	282
247	282
NA	282
327	282
269	282
269	282
167	282
353	282
335	282
321	282
318	282
NA	282
262	281
414	281
329	281
260	281
234	281
200	281
179	281
453	281
221	281
156	281
398	281
203	281
344	281
339	281
188	281
264	281
375	281
270	281
344	281
364	281
300	281
284	281
273	281
236	281
337	281
283	281
313	281
286	281
285	281
NA	281
343	281
316	281
343	281
274	281
419	281
337	281
312	281
237	281
381	281
351	281
294	281
323	281
213	281
335	281
327	281
221	281
256	281
316	281
279	281
259	281
303	281
290	281
220	281
369	281
292	281
277	281
270	281
289	281
176	281
281	281
253	281
206	281
161	281
274	281
243	281
184	281
186	281
408	281
420	281
343	281
311	281
307	280
334	280
475	280
297	280
202	280
358	280
389	280
234	280
258	280
201	280
322	280
249	280
NA	280
NA	280
313	280
307	280
331	280
280	280
292	280
300	280
283	280
316	280
357	280
354	280
331	280
261	280
238	280
265	280
342	280
215	280
263	280
258	280
321	280
324	280
299	280
312	280
320	280
327	280
331	280
286	280
278	280
303	280
292	280
278	280
235	280
NA	280
259	280
310	280
181	280
223	280
282	280
291	280
245	280
300	280
277	280
273	280
210	280
260	280
253	280
282	280
288	280
235	280
232	280
373	280
371	280
370	280
221	280
200	280
NA	280
225	279
304	279
274	279
316	279
360	279
223	279
NA	279
324	279
285	279
327	279
325	279
326	279
NA	279
319	279
290	279
339	279
328	279
313	279
270	279
326	279
NA	279
302	279
296	279
321	279
299	279
249	279
291	279
231	279
348	279
318	279
346	279
336	279
327	279
293	279
246	279
311	279
325	279
264	279
321	279
251	279
223	279
300	279
223	279
309	279
372	279
NA	279
276	279
222	279
314	279
193	279
289	279
NA	279
170	279
244	279
187	279
298	279
283	279
291	279
282	279
261	279
258	279
314	279
255	279
158	279
325	279
280	279
NA	279
NA	279
217	278
263	278
391	278
255	278
284	278
339	278
257	278
293	278
362	278
431	278
345	278
267	278
277	278
243	278
290	278
341	278
220	278
268	278
304	278
343	278
251	278
363	278
248	278
358	278
253	278
246	278
343	278
293	278
189	278
318	278
271	278
315	278
262	278
285	278
348	278
266	278
NA	278
289	278
259	278
235	278
164	278
286	278
261	278
300	278
307	278
313	278
307	278
306	278
275	278
258	278
274	278
253	278
264	278
287	278
280	278
264	278
NA	278
299	278
300	278
241	278
269	278
243	278
353	278
271	278
239	278
212	278
NA	278
282	277
299	277
217	277
218	277
257	277
247	277
194	277
348	277
325	277
325	277
225	277
331	277
205	277
381	277
340	277
240	277
232	277
307	277
275	277
318	277
303	277
289	277
319	277
325	277
252	277
166	277
259	277
271	277
232	277
305	277
291	277
281	277
359	277
286	277
245	277
NA	277
319	277
257	277
253	277
271	277
284	277
239	277
315	277
253	277
322	277
295	277
310	277
257	277
219	277
193	277
215	277
216	277
391	277
370	277
359	277
184	277
NA	277
329	276
312	276
297	276
NA	276
270	276
249	276
246	276
233	276
223	276
221	276
292	276
NA	276
346	276
351	276
342	276
325	276
306	276
251	276
265	276
316	276
366	276
305	276
297	276
314	276
320	276
344	276
304	276
257	276
320	276
311	276
261	276
280	276
292	276
197	276
325	276
286	276
313	276
299	276
293	276
302	276
191	276
313	276
221	276
318	276
256	276
237	276
344	276
245	276
329	276
309	276
302	276
323	276
239	276
212	276
311	276
236	276
302	276
261	276
243	276
206	276
252	276
185	276
220	276
232	276
201	276
245	276
223	276
365	276
357	276
327	276
267	276
246	276
212	276
NA	276
308	275
255	275
275	275
393	275
287	275
282	275
303	275
284	275
243	275
NA	275
190	275
331	275
340	275
209	275
258	275
319	275
301	275
NA	275
271	275
166	275
273	275
342	275
333	275
312	275
331	275
331	275
NA	275
317	275
264	275
266	275
295	275
199	275
338	275
NA	275
253	275
285	275
336	275
237	275
271	275
267	275
310	275
204	275
230	275
261	275
221	275
313	275
324	275
239	275
238	275
271	275
336	275
286	275
192	275
222	275
259	275
235	275
NA	275
408	275
381	275
354	275
321	275
256	275
208	275
203	275
NA	275
341	274
272	274
198	274
262	274
267	274
248	274
262	274
253	274
294	274
376	274
NA	274
241	274
NA	274
341	274
321	274
245	274
351	274
286	274
392	274
351	274
335	274
223	274
283	274
293	274
340	274
279	274
326	274
307	274
281	274
NA	274
280	274
222	274
281	274
270	274
249	274
248	274
328	274
248	274
210	274
298	274
350	274
344	274
269	274
327	274
214	274
366	274
279	274
315	274
229	274
324	274
275	274
253	274
252	274
279	274
NA	274
301	274
288	274
261	274
190	274
254	274
229	274
298	274
283	274
305	274
261	274
263	274
186	274
NA	274
208	274
256	274
225	274
384	274
313	274
269	274
265	274
230	274
207	274
NA	274
NA	274
155	273
391	273
357	273
222	273
253	273
246	273
280	273
182	273
268	273
237	273
317	273
315	273
311	273
262	273
229	273
NA	273
280	273
NA	273
243	273
239	273
NA	273
185	273
239	273
230	273
279	273
254	273
301	273
349	273
306	273
270	273
318	273
282	273
295	273
292	273
399	273
184	273
305	273
302	273
339	273
NA	273
352	273
310	273
303	273
278	273
336	273
279	273
286	273
312	273
317	273
221	273
270	273
248	273
332	273
274	273
272	273
269	273
323	273
273	273
298	273
302	273
273	273
322	273
254	273
266	273
309	273
206	273
249	273
265	273
170	273
283	273
242	273
302	273
237	273
272	273
401	273
336	273
281	273
275	273
231	273
NA	273
363	272
407	272
200	272
290	272
241	272
278	272
309	272
220	272
332	272
215	272
223	272
235	272
330	272
237	272
277	272
282	272
288	272
253	272
191	272
315	272
265	272
242	272
335	272
331	272
296	272
367	272
314	272
224	272
311	272
254	272
314	272
273	272
305	272
249	272
227	272
368	272
311	272
249	272
257	272
301	272
237	272
329	272
327	272
201	272
236	272
291	272
238	272
317	272
384	272
313	272
281	272
253	272
168	272
208	272
245	272
284	272
269	272
385	272
310	272
291	272
202	272
NA	272
NA	272
274	271
262	271
326	271
188	271
262	271
241	271
268	271
199	271
192	271
195	271
333	271
231	271
281	271
406	271
237	271
346	271
309	271
288	271
327	271
249	271
321	271
241	271
318	271
292	271
NA	271
352	271
187	271
254	271
358	271
265	271
307	271
277	271
298	271
312	271
NA	271
339	271
293	271
198	271
270	271
255	271
294	271
388	271
200	271
284	271
294	271
260	271
191	271
234	271
232	271
163	271
NA	271
283	271
280	271
176	271
279	271
173	271
214	271
312	271
302	271
266	271
244	271
218	271
NA	271
NA	271
182	270
261	270
361	270
234	270
212	270
298	270
291	270
335	270
254	270
320	270
180	270
223	270
314	270
369	270
NA	270
218	270
376	270
266	270
230	270
345	270
297	270
287	270
303	270
254	270
239	270
269	270
245	270
325	270
336	270
216	270
NA	270
275	270
244	270
285	270
231	270
200	270
320	270
305	270
265	270
362	270
360	270
330	270
210	270
304	270
274	270
NA	270
296	270
278	270
319	270
309	270
276	270
249	270
286	270
263	270
293	270
207	270
311	270
292	270
NA	270
NA	270
305	270
302	270
270	270
302	270
333	270
237	270
213	270
309	270
303	270
260	270
232	270
217	270
280	270
202	270
355	270
341	270
330	270
311	270
287	270
261	270
250	270
219	270
NA	270
NA	270
288	269
273	269
258	269
207	269
323	269
168	269
282	269
278	269
234	269
NA	269
350	269
319	269
263	269
361	269
300	269
275	269
336	269
348	269
278	269
247	269
290	269
205	269
273	269
286	269
270	269
264	269
279	269
326	269
293	269
283	269
270	269
258	269
NA	269
302	269
323	269
315	269
339	269
326	269
273	269
197	269
328	269
324	269
247	269
291	269
293	269
283	269
235	269
NA	269
269	269
285	269
239	269
336	269
333	269
297	269
267	269
295	269
304	269
222	269
165	269
206	269
NA	269
236	269
231	269
NA	269
257	269
324	269
195	269
175	269
308	269
229	269
295	268
248	268
255	268
409	268
420	268
115	268
343	268
200	268
242	268
302	268
289	268
278	268
193	268
308	268
266	268
316	268
NA	268
276	268
226	268
350	268
303	268
264	268
155	268
337	268
235	268
407	268
305	268
297	268
334	268
365	268
354	268
351	268
311	268
303	268
NA	268
293	268
312	268
NA	268
260	268
355	268
298	268
252	268
236	268
314	268
274	268
300	268
256	268
229	268
230	268
272	268
271	268
291	268
213	268
264	268
195	268
294	268
267	268
233	268
283	268
190	268
213	268
235	268
206	268
143	268
395	268
316	268
NA	268
NA	268
NA	268
NA	267
290	267
372	267
361	267
307	267
258	267
222	267
220	267
376	267
274	267
219	267
212	267
NA	267
312	267
376	267
391	267
260	267
225	267
386	267
302	267
232	267
316	267
240	267
220	267
NA	267
NA	267
196	267
289	267
340	267
300	267
331	267
236	267
220	267
314	267
312	267
302	267
404	267
257	267
NA	267
329	267
309	267
276	267
255	267
245	267
327	267
281	267
278	267
287	267
309	267
273	267
223	267
203	267
182	267
306	267
263	267
303	267
250	267
222	267
220	267
246	267
NA	267
423	267
353	267
NA	267
286	266
271	266
288	266
347	266
270	266
267	266
211	266
235	266
331	266
288	266
NA	266
216	266
234	266
288	266
240	266
292	266
313	266
285	266
243	266
306	266
259	266
316	266
209	266
301	266
326	266
284	266
288	266
281	266
332	266
322	266
281	266
222	266
189	266
387	266
314	266
250	266
319	266
310	266
226	266
270	266
316	266
287	266
210	266
310	266
290	266
280	266
234	266
295	266
288	266
237	266
381	266
190	266
245	266
265	266
234	266
NA	266
260	266
205	266
232	266
257	266
290	266
302	266
287	266
262	266
187	266
NA	266
325	265
256	265
386	265
265	265
384	265
200	265
362	265
334	265
243	265
351	265
218	265
215	265
228	265
326	265
340	265
220	265
251	265
356	265
347	265
295	265
323	265
297	265
334	265
234	265
310	265
266	265
226	265
302	265
250	265
196	265
NA	265
381	265
327	265
327	265
309	265
278	265
227	265
280	265
180	265
221	265
169	265
254	265
221	265
304	265
244	265
299	265
275	265
208	265
216	265
265	265
231	265
317	265
249	265
267	265
249	265
220	265
188	265
NA	265
228	265
197	265
180	265
NA	265
266	265
425	265
339	265
317	265
281	265
274	265
273	265
NA	265
302	264
402	264
220	264
319	264
272	264
274	264
268	264
217	264
327	264
246	264
329	264
296	264
292	264
288	264
335	264
327	264
249	264
183	264
277	264
339	264
254	264
NA	264
234	264
301	264
NA	264
323	264
289	264
335	264
321	264
241	264
308	264
251	264
181	264
343	264
307	264
217	264
288	264
286	264
293	264
253	264
217	264
323	264
223	264
296	264
284	264
205	264
304	264
243	264
328	264
223	264
208	264
231	264
287	264
222	264
260	264
225	264
200	264
221	264
188	264
386	264
296	264
258	264
212	264
180	264
239	263
273	263
240	263
319	263
229	263
338	263
NA	263
282	263
218	263
294	263
326	263
338	263
188	263
214	263
259	263
282	263
332	263
259	263
258	263
279	263
264	263
285	263
233	263
283	263
247	263
175	263
344	263
310	263
310	263
330	263
284	263
154	263
253	263
309	263
NA	263
NA	263
207	263
300	263
212	263
300	263
298	263
306	263
266	263
190	263
307	263
241	263
280	263
233	263
214	263
406	263
365	263
343	263
262	263
165	263
287	262
199	262
239	262
256	262
405	262
276	262
344	262
377	262
NA	262
368	262
276	262
220	262
284	262
287	262
290	262
217	262
334	262
181	262
262	262
330	262
326	262
330	262
331	262
304	262
364	262
348	262
234	262
360	262
275	262
331	262
314	262
318	262
NA	262
241	262
177	262
280	262
271	262
242	262
307	262
330	262
198	262
289	262
312	262
273	262
197	262
359	262
220	262
315	262
243	262
281	262
225	262
216	262
268	262
235	262
278	262
303	262
277	262
NA	262
282	262
272	262
262	262
265	262
245	262
177	262
261	262
353	262
327	262
314	262
314	262
NA	262
187	261
292	261
279	261
256	261
NA	261
203	261
294	261
290	261
285	261
289	261
332	261
206	261
262	261
205	261
317	261
288	261
212	261
193	261
229	261
306	261
198	261
344	261
352	261
289	261
299	261
212	261
272	261
233	261
249	261
NA	261
322	261
NA	261
384	261
268	261
282	261
276	261
265	261
NA	261
268	261
220	261
323	261
307	261
NA	261
NA	261
252	261
281	261
255	261
280	261
258	261
276	261
227	261
226	261
281	261
215	261
298	261
284	261
184	261
279	261
252	261
238	261
NA	261
NA	261
NA	261
313	260
211	260
351	260
270	260
342	260
309	260
291	260
236	260
287	260
244	260
273	260
269	260
328	260
319	260
295	260
200	260
300	260
275	260
240	260
316	260
318	260
254	260
223	260
NA	260
NA	260
332	260
287	260
232	260
341	260
190	260
331	260
277	260
333	260
310	260
262	260
304	260
272	260
238	260
170	260
315	260
285	260
205	260
222	260
234	260
253	260
203	260
256	260
314	260
263	260
251	260
228	260
257	260
387	260
290	260
265	260
234	260
196	260
259	260
256	260
323	260
291	260
262	260
286	260
310	260
213	260
162	260
350	260
327	260
284	260
227	260
NA	260
298	259
308	259
367	259
344	259
305	259
280	259
229	259
288	259
288	259
286	259
270	259
322	259
287	259
301	259
310	259
324	259
214	259
302	259
231	259
316	259
250	259
267	259
261	259
NA	259
333	259
354	259
NA	259
NA	259
322	259
299	259
208	259
188	259
261	259
246	259
193	259
277	259
303	259
191	259
219	259
185	259
225	259
NA	259
200	259
219	259
324	259
321	259
290	259
287	259
276	259
NA	259
213	258
333	258
236	258
410	258
232	258
326	258
277	258
254	258
246	258
362	258
NA	258
314	258
257	258
251	258
296	258
212	258
346	258
314	258
200	258
236	258
338	258
314	258
314	258
337	258
191	258
319	258
313	258
191	258
254	258
232	258
242	258
278	258
220	258
166	258
320	258
308	258
275	258
250	258
277	258
272	258
271	258
212	258
250	258
291	258
293	258
330	258
206	258
242	258
198	258
289	258
302	258
232	258
286	258
298	258
275	258
251	258
225	257
241	257
217	257
288	257
303	257
292	257
298	257
283	257
294	257
173	257
195	257
213	257
317	257
309	257
275	257
223	257
232	257
250	257
268	257
290	257
254	257
317	257
356	257
321	257
306	257
254	257
280	257
275	257
235	257
278	257
247	257
184	257
310	257
315	257
308	257
283	257
274	257
284	257
264	257
293	257
275	257
256	257
239	257
165	257
304	257
282	257
274	257
261	257
182	257
271	257
195	257
279	257
183	257
169	257
190	257
264	257
362	257
304	257
266	257
261	257
171	257
NA	257
237	256
327	256
173	256
273	256
277	256
421	256
NA	256
230	256
359	256
293	256
382	256
316	256
214	256
394	256
284	256
279	256
208	256
204	256
262	256
223	256
252	256
270	256
308	256
235	256
276	256
217	256
331	256
208	256
238	256
274	256
183	256
398	256
171	256
269	256
280	256
268	256
288	256
242	256
288	256
270	256
233	256
274	256
313	256
261	256
161	256
317	256
278	256
268	256
204	256
229	256
305	256
292	256
262	256
261	256
221	256
210	256
NA	256
299	255
212	255
330	255
279	255
241	255
233	255
251	255
239	255
NA	255
289	255
195	255
283	255
242	255
324	255
262	255
294	255
265	255
239	255
324	255
168	255
206	255
273	255
NA	255
241	255
296	255
268	255
306	255
216	255
334	255
277	255
NA	255
278	255
261	255
293	255
262	255
213	255
228	255
NA	255
352	255
221	255
283	255
243	255
222	255
294	255
341	255
179	255
309	255
NA	255
307	255
291	255
247	255
218	255
313	255
155	255
208	255
NA	255
253	255
243	255
266	255
207	255
272	255
204	255
156	255
231	255
296	255
336	255
260	255
163	255
182	255
187	255
339	255
264	255
246	255
224	255
220	255
NA	255
NA	255
NA	255
241	254
255	254
304	254
307	254
160	254
253	254
255	254
287	254
277	254
274	254
299	254
279	254
235	254
246	254
224	254
279	254
330	254
230	254
356	254
352	254
295	254
276	254
239	254
NA	254
339	254
268	254
230	254
NA	254
294	254
272	254
NA	254
293	254
291	254
243	254
217	254
287	254
247	254
306	254
189	254
199	254
314	254
233	254
185	254
266	254
203	254
185	254
282	254
171	254
322	254
NA	254
NA	254
NA	254
NA	254
NA	254
236	253
203	253
173	253
228	253
247	253
210	253
312	253
225	253
221	253
342	253
293	253
291	253
205	253
191	253
207	253
283	253
249	253
300	253
224	253
259	253
210	253
185	253
208	253
316	253
295	253
253	253
297	253
273	253
249	253
204	253
230	253
292	253
281	253
NA	253
275	253
162	253
283	253
277	253
234	253
194	253
257	253
259	253
243	253
269	253
233	253
202	253
NA	253
262	253
281	253
385	253
306	253
287	253
280	253
264	253
NA	253
201	252
172	252
360	252
319	252
299	252
254	252
222	252
222	252
230	252
255	252
NA	252
327	252
242	252
278	252
272	252
316	252
302	252
239	252
305	252
281	252
281	252
236	252
299	252
203	252
NA	252
268	252
290	252
286	252
358	252
243	252
NA	252
326	252
311	252
285	252
298	252
275	252
290	252
292	252
215	252
229	252
242	252
265	252
246	252
135	252
246	252
254	252
NA	252
193	252
216	252
210	252
252	252
216	252
364	252
339	252
296	252
273	252
NA	252
238	251
246	251
255	251
296	251
221	251
328	251
341	251
463	251
207	251
339	251
184	251
247	251
344	251
323	251
242	251
235	251
188	251
308	251
279	251
242	251
250	251
283	251
254	251
287	251
278	251
211	251
285	251
268	251
319	251
264	251
352	251
333	251
220	251
NA	251
NA	251
269	251
333	251
392	251
269	251
290	251
250	251
206	251
243	251
190	251
276	251
252	251
289	251
197	251
NA	251
202	251
186	251
307	251
309	251
228	251
194	251
190	251
263	251
187	251
268	251
266	251
245	251
NA	251
291	250
298	250
199	250
264	250
211	250
203	250
NA	250
240	250
319	250
230	250
283	250
207	250
275	250
333	250
211	250
221	250
219	250
226	250
NA	250
290	250
315	250
275	250
319	250
273	250
195	250
NA	250
234	250
NA	250
192	250
261	250
234	250
256	250
170	250
297	250
219	250
268	250
239	250
289	250
222	250
284	250
198	250
308	250
231	250
222	250
271	250
295	250
323	250
280	250
199	250
210	250
287	250
217	250
210	250
261	250
276	250
271	250
355	249
299	249
292	249
313	249
186	249
293	249
239	249
281	249
277	249
316	249
312	249
274	249
285	249
291	249
306	249
194	249
200	249
287	249
NA	249
318	249
285	249
228	249
200	249
287	249
213	249
365	249
348	249
200	249
280	249
195	249
195	249
274	249
242	249
285	249
174	249
213	249
319	249
232	249
212	249
266	249
297	249
305	249
294	249
279	249
244	249
150	249
186	249
173	249
232	249
295	249
270	249
243	249
298	249
246	249
NA	249
258	249
194	249
181	249
206	249
261	249
221	249
244	249
216	249
280	249
253	249
252	249
208	249
229	249
339	249
302	249
224	249
181	248
341	248
307	248
273	248
255	248
307	248
295	248
274	248
194	248
298	248
286	248
307	248
273	248
253	248
240	248
246	248
257	248
264	248
234	248
NA	248
268	248
342	248
287	248
190	248
246	248
276	248
278	248
251	248
265	248
238	248
215	248
349	248
244	248
280	248
168	248
NA	248
NA	248
240	247
360	247
345	247
260	247
325	247
190	247
262	247
377	247
369	247
284	247
313	247
228	247
248	247
295	247
266	247
256	247
285	247
241	247
280	247
267	247
301	247
208	247
228	247
297	247
265	247
238	247
135	247
NA	247
315	247
293	247
281	247
306	247
190	247
256	247
244	247
215	247
257	247
256	247
245	247
282	247
291	247
NA	247
243	247
236	247
210	247
289	247
267	247
215	247
231	247
223	247
NA	247
262	247
NA	247
NA	247
NA	247
237	246
249	246
221	246
321	246
219	246
400	246
308	246
362	246
220	246
NA	246
205	246
266	246
220	246
296	246
324	246
295	246
345	246
338	246
249	246
319	246
211	246
177	246
149	246
217	246
NA	246
302	246
303	246
313	246
262	246
296	246
303	246
197	246
179	246
186	246
210	246
288	246
280	246
265	246
265	246
199	246
168	246
289	246
254	246
254	246
253	246
228	246
255	246
247	246
185	246
182	246
201	246
171	246
363	246
253	246
215	246
201	246
166	246
164	246
211	245
315	245
311	245
418	245
212	245
253	245
225	245
337	245
204	245
272	245
214	245
219	245
208	245
262	245
NA	245
NA	245
258	245
207	245
NA	245
316	245
200	245
190	245
243	245
300	245
291	245
260	245
209	245
303	245
179	245
234	245
352	245
306	245
302	245
263	245
261	245
246	245
267	245
249	245
178	245
179	245
223	245
163	245
230	245
222	245
258	245
274	245
188	245
272	245
241	245
217	245
205	245
371	244
262	244
226	244
343	244
292	244
348	244
287	244
293	244
330	244
219	244
187	244
275	244
198	244
325	244
280	244
299	244
296	244
179	244
227	244
326	244
270	244
276	244
182	244
314	244
266	244
264	244
NA	244
320	244
282	244
242	244
266	244
242	244
NA	244
183	244
280	244
230	244
259	244
263	244
299	244
148	244
298	244
312	244
253	244
228	244
181	244
173	244
245	244
224	244
304	244
244	244
231	244
229	244
220	244
209	244
204	244
419	243
191	243
197	243
244	243
250	243
274	243
242	243
210	243
285	243
144	243
264	243
255	243
NA	243
337	243
304	243
204	243
NA	243
208	243
286	243
280	243
249	243
291	243
202	243
279	243
254	243
227	243
256	243
198	243
278	243
285	243
233	243
248	243
255	243
254	243
263	243
209	243
174	243
NA	243
255	243
230	243
NA	243
261	242
156	242
288	242
202	242
224	242
264	242
250	242
196	242
219	242
282	242
244	242
270	242
197	242
303	242
231	242
293	242
247	242
307	242
248	242
325	242
209	242
300	242
231	242
219	242
230	242
219	242
NA	242
186	242
311	242
278	242
304	242
231	242
255	242
271	242
339	242
264	242
262	242
236	242
275	242
270	242
246	242
163	242
NA	242
267	242
257	242
265	242
NA	242
NA	242
146	242
186	242
246	242
189	242
336	242
188	242
171	242
295	242
271	242
NA	242
272	241
363	241
196	241
261	241
253	241
367	241
209	241
230	241
253	241
322	241
253	241
224	241
250	241
NA	241
192	241
269	241
221	241
272	241
224	241
NA	241
257	241
172	241
250	241
215	241
219	241
290	241
267	241
253	241
NA	241
193	241
237	241
295	241
220	241
293	241
258	241
213	241
263	241
262	241
258	241
199	241
225	241
193	241
251	241
402	241
226	240
204	240
241	240
201	240
214	240
243	240
245	240
441	240
313	240
265	240
332	240
NA	240
264	240
198	240
283	240
207	240
209	240
303	240
203	240
349	240
310	240
NA	240
299	240
259	240
292	240
287	240
258	240
280	240
313	240
311	240
245	240
241	240
222	240
336	240
277	240
NA	240
NA	240
265	240
NA	240
324	240
225	240
218	240
185	240
261	240
197	240
238	240
NA	240
254	240
NA	240
173	240
270	240
242	240
220	240
263	240
318	240
222	240
191	240
183	240
271	240
214	240
196	240
194	240
206	240
256	240
303	240
287	240
185	240
251	239
203	239
291	239
329	239
266	239
284	239
277	239
251	239
280	239
200	239
356	239
309	239
304	239
325	239
288	239
251	239
270	239
188	239
303	239
266	239
205	239
NA	239
259	239
283	239
265	239
253	239
251	239
265	239
201	239
293	239
239	239
274	239
276	239
221	239
265	239
237	239
273	239
204	239
229	239
277	239
NA	239
331	239
314	239
290	239
226	239
182	239
NA	239
228	238
NA	238
275	238
259	238
205	238
286	238
323	238
280	238
222	238
270	238
265	238
223	238
244	238
323	238
174	238
290	238
195	238
277	238
212	238
NA	238
236	238
155	238
273	238
236	238
211	238
259	238
342	238
277	238
206	238
263	238
236	238
243	238
187	238
229	238
231	238
253	238
252	238
261	238
226	238
218	238
212	238
NA	238
NA	238
318	237
339	237
247	237
299	237
210	237
199	237
205	237
331	237
288	237
269	237
258	237
198	237
312	237
230	237
NA	237
240	237
280	237
272	237
259	237
262	237
274	237
270	237
196	237
263	237
257	237
NA	237
204	237
NA	237
351	237
253	237
250	237
164	237
281	237
170	237
246	237
242	237
409	237
309	237
242	237
NA	237
NA	237
316	236
250	236
221	236
178	236
NA	236
313	236
343	236
208	236
324	236
260	236
233	236
329	236
310	236
423	236
265	236
309	236
234	236
289	236
269	236
215	236
311	236
213	236
204	236
198	236
265	236
217	236
262	236
266	236
290	236
285	236
192	236
284	236
198	236
302	236
263	236
235	236
247	236
158	236
245	236
275	236
273	236
240	236
240	236
233	236
229	236
152	236
NA	236
236	235
258	235
217	235
253	235
195	235
271	235
270	235
NA	235
308	235
187	235
200	235
318	235
232	235
309	235
301	235
289	235
247	235
220	235
169	235
311	235
277	235
161	235
233	235
318	235
234	235
276	235
187	235
259	235
234	235
227	235
261	235
172	235
NA	235
171	235
250	235
231	235
201	235
272	235
244	235
NA	234
316	234
367	234
271	234
243	234
276	234
205	234
245	234
200	234
209	234
428	234
270	234
288	234
360	234
195	234
210	234
286	234
341	234
244	234
284	234
228	234
296	234
203	234
232	234
306	234
250	234
255	234
246	234
186	234
263	234
NA	234
190	234
223	234
NA	234
274	234
216	234
192	234
380	234
372	234
281	234
261	234
256	234
NA	233
283	233
294	233
287	233
176	233
229	233
220	233
240	233
311	233
273	233
308	233
243	233
236	233
208	233
293	233
286	233
190	233
312	233
253	233
217	233
240	233
210	233
224	233
192	233
223	233
233	233
203	233
288	233
216	233
190	233
187	233
272	233
255	233
217	233
215	233
NA	233
399	233
271	233
NA	233
NA	233
305	232
297	232
270	232
245	232
290	232
305	232
181	232
209	232
273	232
313	232
296	232
282	232
211	232
237	232
234	232
269	232
NA	232
283	232
343	232
NA	232
270	232
245	232
276	232
221	232
207	232
327	232
295	232
328	232
166	232
291	232
235	232
NA	232
250	232
274	232
177	232
223	232
200	232
207	232
223	232
239	232
254	232
163	232
221	232
248	232
214	232
204	232
230	232
227	232
NA	232
371	231
225	231
260	231
184	231
254	231
276	231
209	231
258	231
211	231
372	231
350	231
199	231
245	231
281	231
251	231
262	231
235	231
262	231
185	231
296	231
244	231
228	231
289	231
260	231
246	231
154	231
NA	231
170	231
167	231
231	231
214	231
166	231
221	231
156	231
373	231
259	231
242	231
225	231
NA	231
285	230
364	230
216	230
342	230
NA	230
255	230
202	230
215	230
325	230
239	230
280	230
272	230
283	230
262	230
235	230
252	230
205	230
220	230
273	230
298	230
255	230
218	230
219	230
273	230
244	230
NA	230
233	230
287	230
244	230
258	230
NA	230
236	230
201	230
188	230
232	230
213	230
234	230
203	230
262	230
250	230
218	229
155	229
279	229
313	229
268	229
271	229
NA	229
259	229
310	229
167	229
278	229
205	229
169	229
NA	229
257	229
223	229
259	229
223	229
185	229
312	229
403	229
344	229
221	229
281	228
299	228
228	228
223	228
215	228
293	228
231	228
220	228
231	228
292	228
277	228
295	228
168	228
276	228
164	228
298	228
225	228
288	228
274	228
203	228
276	228
248	228
301	228
205	228
223	228
224	228
165	228
212	228
215	228
209	228
251	228
247	228
170	228
253	228
355	228
271	228
233	228
NA	228
NA	228
181	227
184	227
278	227
214	227
228	227
309	227
186	227
210	227
273	227
222	227
236	227
225	227
291	227
238	227
253	227
271	227
NA	227
217	227
269	227
NA	227
189	227
278	227
224	227
248	227
265	227
280	227
274	227
272	227
266	227
212	227
161	227
203	226
259	226
347	226
229	226
224	226
256	226
284	226
178	226
278	226
186	226
NA	226
251	226
337	226
253	226
278	226
243	226
237	226
NA	226
246	226
204	226
242	226
264	226
270	226
183	226
NA	226
253	226
237	226
209	226
211	226
197	226
236	226
264	226
239	226
198	226
269	225
213	225
330	225
209	225
287	225
259	225
176	225
206	225
238	225
209	225
286	225
189	225
284	225
241	225
241	225
253	225
239	225
197	225
251	225
188	225
NA	225
296	225
235	225
245	225
NA	225
349	224
267	224
151	224
262	224
299	224
294	224
244	224
NA	224
228	224
NA	224
249	224
229	224
270	224
239	224
252	224
235	224
305	224
286	224
224	224
183	224
271	223
246	223
218	223
178	223
212	223
259	223
279	223
282	223
216	223
292	223
228	223
217	223
NA	223
203	223
219	223
203	223
215	223
NA	223
225	223
250	223
277	223
250	223
217	223
NA	223
NA	223
278	222
212	222
263	222
163	222
295	222
197	222
271	222
295	222
NA	222
197	222
276	222
188	222
249	222
198	222
271	222
211	222
170	222
146	222
165	222
195	222
213	222
266	222
239	222
NA	222
NA	222
236	221
428	221
217	221
216	221
304	221
NA	221
179	221
177	221
221	221
287	221
249	221
207	221
274	221
188	221
326	221
260	221
251	221
269	221
239	221
178	220
260	220
227	220
259	220
193	220
309	220
305	220
282	220
187	220
284	220
195	220
162	220
189	220
233	220
248	220
266	220
276	220
277	220
270	220
229	220
261	220
250	220
NA	220
152	219
204	219
295	219
220	219
352	219
172	219
264	219
278	219
282	219
290	219
214	219
263	219
225	219
284	219
223	219
187	219
251	219
NA	219
196	219
197	219
NA	219
288	219
238	219
268	218
288	218
286	218
152	218
260	218
183	218
279	218
151	218
238	218
252	218
201	218
292	218
228	218
231	218
NA	218
175	218
258	218
266	218
226	218
200	218
256	218
240	218
260	217
209	217
288	217
252	217
186	217
330	217
194	217
255	217
208	217
206	217
252	217
198	217
201	217
257	217
219	217
262	217
NA	217
261	217
238	217
161	217
228	217
351	217
188	216
247	216
219	216
NA	216
320	216
181	216
210	216
286	216
177	216
317	216
266	216
241	216
190	216
194	216
217	216
192	216
242	216
300	216
219	216
181	216
NA	216
188	215
185	215
212	215
211	215
199	215
286	215
191	215
227	215
256	215
172	215
206	215
275	215
NA	215
212	215
NA	215
188	215
315	215
176	215
237	215
194	215
259	215
200	215
206	215
246	215
159	215
182	215
230	215
195	215
NA	215
NA	215
275	214
200	214
226	214
276	214
293	214
NA	214
235	214
187	214
263	214
289	214
258	214
148	214
NA	214
203	214
205	214
287	214
NA	214
183	213
338	213
271	213
189	213
319	213
259	213
139	213
NA	213
196	213
192	213
213	213
239	212
194	212
NA	212
309	212
271	212
160	212
246	212
268	212
192	212
167	212
200	212
166	212
265	212
225	212
224	211
211	211
234	211
173	211
214	211
164	211
NA	211
350	211
258	211
163	211
244	211
225	210
209	210
185	210
198	210
196	210
217	210
192	210
160	210
252	210
247	210
200	210
254	210
223	210
221	210
NA	210
152	210
NA	210
NA	210
243	209
285	209
156	209
221	209
202	209
276	209
222	209
249	209
205	209
304	209
255	209
174	209
212	209
293	208
230	208
278	208
215	208
320	208
NA	208
191	208
181	208
218	208
155	208
201	208
243	208
NA	208
285	208
245	208
NA	208
NA	208
229	207
NA	207
326	207
250	207
192	207
207	207
248	207
253	207
254	207
174	207
244	207
191	207
171	207
218	207
NA	207
274	207
227	207
198	207
182	206
163	206
212	206
291	206
212	206
217	206
235	206
197	206
198	206
NA	206
264	206
239	205
234	205
162	205
266	205
175	205
241	205
174	205
196	205
157	205
179	205
197	205
NA	204
202	204
264	204
219	204
225	204
248	204
233	204
NA	203
212	203
251	203
270	203
202	203
199	203
186	203
360	203
360	203
221	202
233	202
NA	202
208	202
192	202
NA	202
272	202
223	202
230	201
280	201
165	201
285	201
153	201
179	201
203	201
269	201
259	201
NA	200
157	200
156	200
202	200
268	200
241	200
279	200
192	199
231	199
194	199
NA	199
305	199
217	199
161	198
374	198
202	198
214	198
285	198
235	198
177	198
162	198
NA	198
234	198
161	198
174	198
218	198
167	198
NA	198
NA	198
279	198
NA	197
390	197
262	197
201	197
248	197
261	197
140	197
NA	196
163	196
NA	196
NA	196
268	196
NA	196
NA	196
215	195
285	195
NA	195
NA	195
NA	195
NA	194
NA	194
199	194
171	194
233	194
180	194
NA	193
NA	193
266	193
243	193
191	193
220	193
165	192
268	192
278	192
220	192
236	192
201	192
NA	192
176	191
185	191
261	191
238	191
164	191
NA	191
284	190
NA	190
238	190
232	190
172	189
260	189
265	189
188	189
168	189
247	189
240	188
214	188
144	188
180	188
186	188
NA	188
184	187
170	187
NA	187
256	186
179	186
275	186
210	185
215	185
263	185
251	185
149	185
209	184
NA	184
253	183
224	183
NA	181
NA	181
159	180
NA	179
NA	178
207	177
185	177
204	174
192	173
192	173
183	173
NA	173
NA	172
205	165
230	165
163	164
209	160
257	159
156	156
NA	149
153	147
164	100
455	NA
398	NA
369	NA
364	NA
356	NA
312	NA
306	NA
249	NA
290	NA
368	NA
363	NA
383	NA
337	NA
350	NA
325	NA
346	NA
314	NA
NA	NA
492	NA
166	NA
395	NA
471	NA
167	NA
371	NA
409	NA
365	NA
497	NA
348	NA
339	NA
292	NA
255	NA
225	NA
354	NA
268	NA
422	NA
370	NA
389	NA
202	NA
332	NA
314	NA
297	NA
181	NA
361	NA
321	NA
NA	NA
385	NA
401	NA
347	NA
442	NA
297	NA
286	NA
369	NA
268	NA
249	NA
408	NA
332	NA
318	NA
382	NA
307	NA
481	NA
260	NA
138	NA
NA	NA
358	NA
392	NA
320	NA
359	NA
193	NA
288	NA
264	NA
196	NA
401	NA
272	NA
425	NA
300	NA
380	NA
252	NA
382	NA
319	NA
293	NA
228	NA
NA	NA
228	NA
475	NA
269	NA
188	NA
228	NA
494	NA
400	NA
243	NA
207	NA
197	NA
397	NA
230	NA
365	NA
221	NA
306	NA
196	NA
186	NA
361	NA
480	NA
363	NA
339	NA
402	NA
372	NA
356	NA
466	NA
305	NA
225	NA
401	NA
237	NA
168	NA
168	NA
NA	NA
500	NA
411	NA
278	NA
223	NA
167	NA
407	NA
369	NA
247	NA
163	NA
380	NA
241	NA
286	NA
NA	NA
451	NA
417	NA
344	NA
330	NA
425	NA
372	NA
165	NA
NA	NA
402	NA
368	NA
265	NA
400	NA
395	NA
385	NA
364	NA
359	NA
430	NA
419	NA
382	NA
344	NA
232	NA
366	NA
216	NA
191	NA
418	NA
306	NA
235	NA
192	NA
251	NA
212	NA
204	NA
401	NA
377	NA
377	NA
372	NA
364	NA
450	NA
280	NA
406	NA
352	NA
250	NA
174	NA
231	NA
NA	NA
416	NA
243	NA
427	NA
411	NA
381	NA
217	NA
259	NA
229	NA
208	NA
180	NA
448	NA
289	NA
213	NA
250	NA
221	NA
220	NA
370	NA
358	NA
233	NA
193	NA
419	NA
408	NA
343	NA
208	NA
175	NA
NA	NA
390	NA
327	NA
225	NA
223	NA
200	NA
152	NA
348	NA
335	NA
324	NA
310	NA
297	NA
193	NA
419	NA
389	NA
374	NA
364	NA
328	NA
244	NA
203	NA
418	NA
400	NA
260	NA
204	NA
192	NA
188	NA
447	NA
294	NA
260	NA
255	NA
395	NA
382	NA
279	NA
198	NA
358	NA
348	NA
347	NA
255	NA
236	NA
391	NA
364	NA
325	NA
324	NA
322	NA
176	NA
161	NA
426	NA
415	NA
343	NA
322	NA
240	NA
214	NA
269	NA
232	NA
202	NA
NA	NA
NA	NA
390	NA
360	NA
295	NA
171	NA
157	NA
142	NA
346	NA
329	NA
261	NA
234	NA
205	NA
196	NA
406	NA
365	NA
357	NA
203	NA
202	NA
424	NA
282	NA
217	NA
393	NA
376	NA
281	NA
239	NA
235	NA
225	NA
388	NA
317	NA
280	NA
222	NA
218	NA
186	NA
342	NA
342	NA
334	NA
329	NA
319	NA
285	NA
234	NA
226	NA
215	NA
NA	NA
278	NA
252	NA
241	NA
237	NA
217	NA
216	NA
NA	NA
NA	NA
485	NA
262	NA
244	NA
219	NA
NA	NA
NA	NA
392	NA
359	NA
235	NA
222	NA
344	NA
307	NA
307	NA
241	NA
223	NA
186	NA
482	NA
448	NA
271	NA
195	NA
193	NA
411	NA
302	NA
254	NA
206	NA
NA	NA
410	NA
317	NA
187	NA
167	NA
NA	NA
395	NA
395	NA
336	NA
219	NA
205	NA
NA	NA
463	NA
381	NA
373	NA
377	NA
304	NA
278	NA
246	NA
166	NA
363	NA
321	NA
316	NA
235	NA
225	NA
177	NA
376	NA
370	NA
363	NA
354	NA
344	NA
334	NA
283	NA
189	NA
186	NA
173	NA
NA	NA
394	NA
393	NA
364	NA
322	NA
263	NA
446	NA
436	NA
313	NA
300	NA
300	NA
295	NA
274	NA
264	NA
235	NA
233	NA
157	NA
405	NA
370	NA
339	NA
227	NA
209	NA
205	NA
185	NA
179	NA
176	NA
352	NA
262	NA
254	NA
177	NA
152	NA
369	NA
293	NA
255	NA
229	NA
167	NA
480	NA
360	NA
358	NA
336	NA
321	NA
314	NA
260	NA
255	NA
212	NA
190	NA
421	NA
368	NA
337	NA
315	NA
291	NA
243	NA
234	NA
213	NA
204	NA
NA	NA
416	NA
317	NA
237	NA
218	NA
195	NA
144	NA
NA	NA
288	NA
242	NA
229	NA
207	NA
437	NA
402	NA
387	NA
383	NA
281	NA
267	NA
254	NA
215	NA
205	NA
415	NA
390	NA
372	NA
255	NA
194	NA
175	NA
439	NA
323	NA
323	NA
231	NA
204	NA
202	NA
186	NA
NA	NA
500	NA
360	NA
354	NA
256	NA
204	NA
373	NA
361	NA
330	NA
284	NA
270	NA
232	NA
212	NA
189	NA
187	NA
NA	NA
NA	NA
402	NA
383	NA
336	NA
311	NA
248	NA
243	NA
237	NA
232	NA
217	NA
214	NA
206	NA
198	NA
171	NA
NA	NA
NA	NA
344	NA
342	NA
315	NA
226	NA
220	NA
204	NA
186	NA
NA	NA
304	NA
293	NA
208	NA
385	NA
355	NA
345	NA
319	NA
255	NA
248	NA
216	NA
204	NA
199	NA
198	NA
185	NA
314	NA
240	NA
231	NA
217	NA
200	NA
NA	NA
NA	NA
381	NA
356	NA
352	NA
215	NA
207	NA
176	NA
162	NA
397	NA
362	NA
357	NA
342	NA
222	NA
215	NA
214	NA
201	NA
194	NA
NA	NA
349	NA
312	NA
309	NA
302	NA
261	NA
NA	NA
386	NA
379	NA
374	NA
359	NA
343	NA
318	NA
268	NA
247	NA
226	NA
172	NA
162	NA
388	NA
386	NA
304	NA
303	NA
249	NA
210	NA
193	NA
NA	NA
NA	NA
422	NA
349	NA
325	NA
323	NA
317	NA
289	NA
269	NA
245	NA
226	NA
213	NA
180	NA
173	NA
NA	NA
NA	NA
NA	NA
336	NA
319	NA
234	NA
182	NA
388	NA
290	NA
154	NA
318	NA
284	NA
275	NA
353	NA
331	NA
324	NA
299	NA
272	NA
248	NA
206	NA
200	NA
407	NA
364	NA
322	NA
301	NA
255	NA
239	NA
236	NA
230	NA
218	NA
187	NA
155	NA
NA	NA
NA	NA
NA	NA
369	NA
357	NA
335	NA
280	NA
274	NA
272	NA
234	NA
230	NA
176	NA
168	NA
141	NA
NA	NA
NA	NA
408	NA
370	NA
348	NA
348	NA
331	NA
278	NA
230	NA
227	NA
212	NA
201	NA
169	NA
NA	NA
NA	NA
375	NA
337	NA
303	NA
252	NA
241	NA
235	NA
233	NA
218	NA
201	NA
196	NA
193	NA
185	NA
181	NA
NA	NA
362	NA
292	NA
271	NA
243	NA
226	NA
217	NA
199	NA
166	NA
NA	NA
417	NA
375	NA
353	NA
314	NA
287	NA
282	NA
265	NA
263	NA
215	NA
195	NA
177	NA
169	NA
155	NA
143	NA
NA	NA
365	NA
333	NA
326	NA
316	NA
289	NA
264	NA
221	NA
198	NA
169	NA
297	NA
288	NA
266	NA
261	NA
234	NA
184	NA
157	NA
NA	NA
340	NA
329	NA
318	NA
296	NA
283	NA
280	NA
260	NA
244	NA
211	NA
205	NA
189	NA
187	NA
177	NA
NA	NA
342	NA
296	NA
258	NA
250	NA
243	NA
240	NA
225	NA
221	NA
214	NA
196	NA
175	NA
322	NA
306	NA
208	NA
203	NA
100	NA
NA	NA
NA	NA
345	NA
327	NA
296	NA
284	NA
268	NA
261	NA
257	NA
251	NA
236	NA
179	NA
147	NA
368	NA
331	NA
261	NA
232	NA
232	NA
212	NA
201	NA
192	NA
183	NA
182	NA
171	NA
155	NA
153	NA
NA	NA
361	NA
361	NA
348	NA
316	NA
310	NA
278	NA
272	NA
249	NA
240	NA
231	NA
216	NA
194	NA
NA	NA
NA	NA
375	NA
348	NA
330	NA
322	NA
298	NA
297	NA
286	NA
264	NA
219	NA
214	NA
204	NA
161	NA
141	NA
NA	NA
NA	NA
358	NA
337	NA
250	NA
241	NA
198	NA
193	NA
173	NA
NA	NA
357	NA
343	NA
295	NA
258	NA
242	NA
223	NA
219	NA
210	NA
202	NA
179	NA
113	NA
336	NA
267	NA
262	NA
240	NA
221	NA
217	NA
197	NA
197	NA
188	NA
335	NA
313	NA
304	NA
257	NA
252	NA
205	NA
188	NA
187	NA
177	NA
378	NA
238	NA
236	NA
234	NA
219	NA
195	NA
190	NA
180	NA
160	NA
157	NA
295	NA
286	NA
192	NA
NA	NA
347	NA
319	NA
309	NA
302	NA
299	NA
251	NA
245	NA
242	NA
232	NA
228	NA
205	NA
196	NA
181	NA
167	NA
163	NA
155	NA
131	NA
386	NA
289	NA
266	NA
241	NA
207	NA
205	NA
193	NA
175	NA
310	NA
310	NA
293	NA
195	NA
NA	NA
444	NA
424	NA
303	NA
282	NA
230	NA
202	NA
185	NA
160	NA
157	NA
152	NA
NA	NA
NA	NA
322	NA
285	NA
263	NA
260	NA
245	NA
231	NA
202	NA
199	NA
155	NA
NA	NA
314	NA
258	NA
240	NA
214	NA
214	NA
212	NA
194	NA
194	NA
187	NA
151	NA
316	NA
298	NA
279	NA
186	NA
181	NA
148	NA
322	NA
315	NA
310	NA
287	NA
270	NA
245	NA
241	NA
220	NA
202	NA
194	NA
203	NA
188	NA
170	NA
170	NA
167	NA
167	NA
240	NA
234	NA
213	NA
208	NA
173	NA
149	NA
NA	NA
314	NA
259	NA
237	NA
211	NA
206	NA
184	NA
148	NA
NA	NA
308	NA
288	NA
287	NA
270	NA
251	NA
247	NA
194	NA
192	NA
181	NA
298	NA
256	NA
212	NA
195	NA
NA	NA
NA	NA
NA	NA
349	NA
307	NA
245	NA
237	NA
176	NA
NA	NA
356	NA
280	NA
269	NA
250	NA
248	NA
241	NA
203	NA
202	NA
187	NA
NA	NA
NA	NA
NA	NA
356	NA
315	NA
312	NA
281	NA
264	NA
163	NA
NA	NA
NA	NA
343	NA
273	NA
235	NA
225	NA
220	NA
216	NA
215	NA
211	NA
208	NA
198	NA
177	NA
332	NA
258	NA
222	NA
209	NA
208	NA
176	NA
169	NA
151	NA
139	NA
NA	NA
374	NA
217	NA
207	NA
196	NA
195	NA
191	NA
123	NA
NA	NA
311	NA
301	NA
244	NA
237	NA
205	NA
190	NA
149	NA
NA	NA
NA	NA
308	NA
256	NA
241	NA
210	NA
209	NA
188	NA
184	NA
182	NA
NA	NA
280	NA
204	NA
203	NA
188	NA
164	NA
NA	NA
222	NA
184	NA
178	NA
175	NA
145	NA
NA	NA
215	NA
213	NA
207	NA
193	NA
181	NA
NA	NA
NA	NA
NA	NA
284	NA
248	NA
221	NA
209	NA
186	NA
183	NA
174	NA
NA	NA
336	NA
288	NA
246	NA
240	NA
237	NA
196	NA
171	NA
NA	NA
341	NA
273	NA
239	NA
203	NA
175	NA
160	NA
NA	NA
224	NA
223	NA
218	NA
197	NA
186	NA
185	NA
NA	NA
NA	NA
NA	NA
355	NA
328	NA
323	NA
211	NA
200	NA
198	NA
180	NA
NA	NA
316	NA
306	NA
218	NA
NA	NA
404	NA
238	NA
237	NA
210	NA
193	NA
175	NA
164	NA
NA	NA
463	NA
256	NA
236	NA
228	NA
178	NA
178	NA
163	NA
157	NA
NA	NA
324	NA
301	NA
271	NA
196	NA
193	NA
190	NA
185	NA
180	NA
NA	NA
314	NA
306	NA
187	NA
181	NA
294	NA
281	NA
221	NA
157	NA
152	NA
NA	NA
NA	NA
392	NA
262	NA
252	NA
239	NA
224	NA
219	NA
219	NA
208	NA
194	NA
194	NA
182	NA
180	NA
253	NA
245	NA
194	NA
181	NA
NA	NA
351	NA
319	NA
221	NA
217	NA
217	NA
215	NA
208	NA
199	NA
175	NA
NA	NA
250	NA
208	NA
185	NA
179	NA
NA	NA
NA	NA
385	NA
302	NA
268	NA
263	NA
199	NA
196	NA
193	NA
151	NA
NA	NA
NA	NA
NA	NA
220	NA
215	NA
210	NA
208	NA
204	NA
194	NA
156	NA
NA	NA
243	NA
230	NA
207	NA
179	NA
169	NA
NA	NA
251	NA
206	NA
198	NA
195	NA
173	NA
230	NA
211	NA
211	NA
197	NA
196	NA
196	NA
279	NA
273	NA
261	NA
253	NA
187	NA
NA	NA
292	NA
270	NA
234	NA
223	NA
222	NA
200	NA
181	NA
163	NA
160	NA
232	NA
231	NA
NA	NA
231	NA
229	NA
222	NA
NA	NA
316	NA
227	NA
162	NA
153	NA
152	NA
215	NA
149	NA
NA	NA
196	NA
185	NA
180	NA
NA	NA
NA	NA
225	NA
226	NA
171	NA
NA	NA
294	NA
245	NA
210	NA
337	NA
187	NA
NA	NA
273	NA
259	NA
201	NA
187	NA
182	NA
151	NA
NA	NA
NA	NA
255	NA
208	NA
177	NA
281	NA
216	NA
213	NA
194	NA
NA	NA
NA	NA
192	NA
159	NA
NA	NA
307	NA
226	NA
251	NA
206	NA
199	NA
183	NA
153	NA
NA	NA
194	NA
NA	NA
221	NA
211	NA
196	NA
194	NA
192	NA
180	NA
174	NA
217	NA
212	NA
211	NA
128	NA
194	NA
187	NA
158	NA
152	NA
NA	NA
258	NA
215	NA
264	NA
208	NA
187	NA
162	NA
NA	NA
NA	NA
249	NA
218	NA
175	NA
162	NA
NA	NA
277	NA
241	NA
208	NA
122	NA
NA	NA
NA	NA
NA	NA
305	NA
233	NA
206	NA
193	NA
183	NA
265	NA
161	NA
184	NA
NA	NA
NA	NA
152	NA
212	NA
153	NA
193	NA
185	NA
NA	NA
159	NA
NA	NA
170	NA
216	NA
209	NA
NA	NA
NA	NA
272	NA
208	NA
215	NA
NA	NA
NA	NA
202	NA
180	NA
161	NA
220	NA
158	NA
NA	NA
191	NA
165	NA
205	NA
246	NA
160	NA
NA	NA
184	NA
500	NA
499	NA
481	NA
481	NA
477	NA
477	NA
477	NA
477	NA
473	NA
468	NA
467	NA
463	NA
460	NA
456	NA
456	NA
456	NA
454	NA
450	NA
449	NA
447	NA
447	NA
446	NA
443	NA
443	NA
441	NA
439	NA
438	NA
438	NA
437	NA
436	NA
436	NA
436	NA
435	NA
435	NA
434	NA
434	NA
434	NA
434	NA
433	NA
432	NA
431	NA
429	NA
429	NA
428	NA
425	NA
425	NA
425	NA
424	NA
424	NA
423	NA
423	NA
421	NA
420	NA
420	NA
417	NA
417	NA
416	NA
415	NA
413	NA
413	NA
412	NA
409	NA
408	NA
408	NA
407	NA
406	NA
406	NA
406	NA
405	NA
405	NA
405	NA
405	NA
405	NA
405	NA
404	NA
404	NA
404	NA
403	NA
403	NA
402	NA
401	NA
401	NA
401	NA
400	NA
399	NA
399	NA
399	NA
397	NA
397	NA
396	NA
396	NA
396	NA
395	NA
395	NA
394	NA
394	NA
393	NA
393	NA
392	NA
392	NA
392	NA
391	NA
390	NA
390	NA
390	NA
390	NA
389	NA
389	NA
389	NA
388	NA
388	NA
388	NA
386	NA
386	NA
386	NA
384	NA
384	NA
382	NA
381	NA
380	NA
380	NA
379	NA
379	NA
379	NA
378	NA
378	NA
377	NA
377	NA
377	NA
377	NA
377	NA
377	NA
376	NA
376	NA
376	NA
376	NA
375	NA
375	NA
374	NA
374	NA
374	NA
373	NA
373	NA
373	NA
373	NA
372	NA
372	NA
372	NA
371	NA
371	NA
371	NA
370	NA
370	NA
370	NA
369	NA
369	NA
369	NA
369	NA
369	NA
369	NA
369	NA
368	NA
368	NA
368	NA
367	NA
367	NA
366	NA
366	NA
366	NA
366	NA
366	NA
366	NA
365	NA
365	NA
365	NA
364	NA
364	NA
364	NA
364	NA
364	NA
363	NA
363	NA
363	NA
362	NA
362	NA
362	NA
362	NA
362	NA
362	NA
361	NA
361	NA
360	NA
360	NA
360	NA
360	NA
360	NA
359	NA
359	NA
359	NA
358	NA
358	NA
358	NA
358	NA
358	NA
358	NA
356	NA
356	NA
355	NA
355	NA
355	NA
354	NA
354	NA
354	NA
352	NA
352	NA
351	NA
351	NA
350	NA
350	NA
349	NA
349	NA
348	NA
348	NA
348	NA
347	NA
347	NA
347	NA
347	NA
346	NA
346	NA
346	NA
346	NA
346	NA
346	NA
345	NA
345	NA
345	NA
344	NA
344	NA
343	NA
342	NA
342	NA
342	NA
341	NA
341	NA
341	NA
339	NA
339	NA
339	NA
337	NA
337	NA
337	NA
337	NA
336	NA
336	NA
335	NA
335	NA
335	NA
332	NA
332	NA
332	NA
331	NA
330	NA
330	NA
330	NA
329	NA
328	NA
328	NA
328	NA
326	NA
326	NA
324	NA
324	NA
324	NA
324	NA
324	NA
324	NA
323	NA
322	NA
322	NA
321	NA
321	NA
320	NA
320	NA
320	NA
318	NA
318	NA
316	NA
315	NA
315	NA
315	NA
315	NA
314	NA
313	NA
313	NA
312	NA
312	NA
312	NA
312	NA
312	NA
312	NA
312	NA
311	NA
311	NA
311	NA
311	NA
310	NA
310	NA
310	NA
310	NA
309	NA
309	NA
309	NA
308	NA
308	NA
306	NA
305	NA
304	NA
304	NA
303	NA
302	NA
302	NA
300	NA
300	NA
299	NA
299	NA
297	NA
295	NA
295	NA
293	NA
292	NA
292	NA
292	NA
290	NA
290	NA
289	NA
289	NA
289	NA
286	NA
286	NA
285	NA
285	NA
284	NA
284	NA
283	NA
283	NA
282	NA
282	NA
281	NA
281	NA
280	NA
278	NA
278	NA
278	NA
277	NA
275	NA
275	NA
275	NA
275	NA
275	NA
274	NA
274	NA
274	NA
274	NA
274	NA
270	NA
269	NA
269	NA
268	NA
268	NA
267	NA
267	NA
267	NA
267	NA
266	NA
266	NA
263	NA
263	NA
263	NA
261	NA
260	NA
260	NA
259	NA
258	NA
257	NA
257	NA
257	NA
257	NA
257	NA
257	NA
256	NA
256	NA
256	NA
256	NA
254	NA
253	NA
253	NA
251	NA
251	NA
250	NA
249	NA
248	NA
248	NA
248	NA
248	NA
245	NA
244	NA
244	NA
244	NA
243	NA
243	NA
242	NA
242	NA
241	NA
239	NA
237	NA
237	NA
237	NA
237	NA
236	NA
236	NA
235	NA
234	NA
232	NA
232	NA
232	NA
232	NA
232	NA
231	NA
230	NA
230	NA
229	NA
229	NA
228	NA
228	NA
228	NA
228	NA
228	NA
227	NA
227	NA
225	NA
225	NA
225	NA
225	NA
223	NA
223	NA
223	NA
223	NA
222	NA
222	NA
222	NA
222	NA
222	NA
222	NA
221	NA
220	NA
220	NA
219	NA
219	NA
218	NA
218	NA
217	NA
216	NA
216	NA
216	NA
214	NA
213	NA
213	NA
212	NA
212	NA
212	NA
211	NA
210	NA
210	NA
209	NA
209	NA
208	NA
208	NA
207	NA
205	NA
205	NA
204	NA
204	NA
203	NA
203	NA
203	NA
200	NA
200	NA
199	NA
199	NA
199	NA
198	NA
198	NA
195	NA
195	NA
195	NA
194	NA
194	NA
194	NA
193	NA
193	NA
192	NA
192	NA
192	NA
191	NA
191	NA
191	NA
191	NA
190	NA
190	NA
190	NA
190	NA
190	NA
189	NA
188	NA
187	NA
187	NA
185	NA
185	NA
185	NA
185	NA
184	NA
183	NA
183	NA
182	NA
180	NA
180	NA
180	NA
180	NA
180	NA
178	NA
178	NA
176	NA
176	NA
176	NA
176	NA
175	NA
175	NA
174	NA
174	NA
174	NA
174	NA
172	NA
171	NA
171	NA
170	NA
170	NA
169	NA
169	NA
169	NA
168	NA
167	NA
167	NA
166	NA
166	NA
165	NA
165	NA
165	NA
164	NA
163	NA
162	NA
162	NA
162	NA
160	NA
160	NA
160	NA
159	NA
158	NA
158	NA
157	NA
157	NA
156	NA
156	NA
155	NA
154	NA
153	NA
153	NA
151	NA
150	NA
150	NA
149	NA
146	NA
145	NA
144	NA
137	NA
137	NA
135	NA
131	NA
129	NA
122	NA
119	NA
NA	NA
NA	NA
NA	NA
NA	NA
NA	NA
NA	NA
NA	NA
NA	NA
NA	NA
NA	NA
NA	NA
NA	NA
NA	NA
NA	NA
NA	NA
NA	NA
NA	NA
NA	NA
NA	NA
NA	NA
NA	NA
NA	NA
NA	NA
NA	NA
NA	NA
NA	NA
NA	NA
NA	NA
NA	NA
NA	NA
NA	NA
NA	NA
NA	NA
NA	NA
NA	NA
NA	NA
NA	NA
NA	NA
NA	NA
NA	NA
NA	NA
NA	NA
NA	NA
NA	NA
NA	NA
NA	NA
NA	NA
NA	NA
NA	NA
NA	NA
NA	NA
NA	NA
NA	NA
NA	NA
NA	NA
NA	NA
NA	NA
NA	NA
NA	NA
NA	NA
NA	NA
NA	NA
NA	NA
NA	NA
NA	NA
NA	NA
NA	NA
NA	NA
NA	NA
NA	NA
NA	NA
NA	NA
NA	NA
NA	NA
NA	NA
NA	NA
NA	NA
NA	NA
NA	NA
NA	NA
NA	NA
NA	NA
NA	NA
NA	NA
NA	NA
NA	NA
NA	NA
NA	NA
NA	NA
NA	NA
NA	NA
NA	NA
NA	NA
NA	NA
NA	NA
NA	NA
NA	NA
NA	NA
NA	NA
NA	NA
NA	NA
NA	NA
NA	NA
NA	NA
NA	NA
NA	NA
NA	NA
NA	NA
NA	NA
NA	NA
NA	NA
NA	NA
NA	NA
NA	NA
NA	NA
NA	NA
NA	NA
NA	NA
NA	NA
NA	NA
NA	NA
NA	NA
NA	NA
NA	NA
NA	NA
NA	NA
NA	NA
NA	NA
NA	NA
NA	NA
NA	NA
NA	NA
NA	NA
NA	NA
NA	NA
NA	NA
NA	NA
NA	NA
NA	NA
NA	NA
NA	NA
NA	NA
NA	NA
NA	NA
NA	NA
NA	NA
NA	NA
NA	NA
NA	NA
NA	NA
NA	NA
NA	NA
NA	NA
NA	NA
NA	NA
NA	NA
NA	NA
NA	NA
NA	NA
NA	NA
NA	NA
NA	NA
NA	NA
NA	NA
NA	NA
NA	NA
NA	NA
NA	NA
NA	NA
NA	NA
NA	NA
NA	NA
NA	NA
NA	NA
NA	NA
NA	NA
NA	NA
NA	NA
NA	NA
NA	NA
NA	NA
NA	NA
NA	NA
NA	NA
NA	NA
NA	NA
NA	NA
NA	NA
NA	NA
NA	NA
NA	NA
NA	NA
NA	NA
NA	NA
NA	NA
NA	NA
NA	NA
NA	NA
NA	NA
NA	NA
NA	NA
NA	NA
NA	NA
NA	NA
NA	NA
NA	NA
NA	NA
NA	NA
NA	NA
NA	NA
NA	NA
NA	NA
NA	NA
NA	NA
NA	NA
NA	NA
NA	NA
NA	NA
NA	NA
NA	NA
NA	NA
NA	NA
NA	NA
NA	NA
NA	NA
NA	NA
NA	NA
NA	NA
NA	NA
NA	NA
NA	NA
NA	NA
NA	NA
NA	NA
NA	NA
NA	NA
NA	NA
NA	NA
NA	NA
NA	NA
NA	NA
NA	NA
NA	NA
NA	NA
NA	NA
NA	NA
NA	NA
NA	NA
NA	NA
NA	NA
NA	NA
NA	NA
NA	NA
NA	NA
NA	NA
NA	NA
NA	NA
NA	NA
NA	NA
NA	NA
NA	NA
NA	NA
NA	NA
NA	NA
NA	NA
NA	NA
NA	NA
NA	NA
NA	NA
NA	NA
NA	NA
NA	NA
NA	NA
NA	NA
NA	NA
NA	NA
NA	NA
NA	NA
NA	NA
NA	NA
NA	NA
NA	NA
NA	NA
NA	NA
NA	NA
NA	NA
NA	NA
NA	NA
NA	NA
NA	NA
NA	NA
NA	NA
NA	NA
NA	NA
NA	NA
NA	NA
NA	NA
NA	NA
NA	NA
NA	NA
NA	NA
NA	NA
NA	NA
NA	NA
NA	NA
NA	NA
NA	NA
NA	NA
NA	NA
NA	NA
NA	NA
NA	NA
NA	NA
NA	NA
NA	NA
NA	NA
NA	NA
NA	NA
NA	NA
NA	NA
NA	NA
NA	NA
NA	NA
NA	NA
NA	NA
NA	NA
NA	NA
NA	NA
NA	NA
NA	NA
NA	NA
NA	NA
NA	NA
NA	NA
NA	NA
NA	NA
NA	NA
NA	NA
NA	NA
NA	NA
NA	NA
NA	NA
NA	NA
NA	NA
NA	NA
NA	NA
NA	NA
NA	NA
NA	NA
NA	NA
